[-1.63121254 -0.86792418 -1.47968059  0.        ]
[-0.45271877  1.10776839  1.97317602  0.        ]
[-1.24043553 -1.13612804 -1.89733494  0.        ]
[-0.98581273  0.06726749  1.52937542  0.        ]
[ 0.91783464  0.12798868 -0.25606568  0.        ]
[0.39122567 1.23768746 1.06525925 0.        ]
[-0.66991016 -0.0081536   0.57466162  0.        ]
[-0.64454775 -1.53051598 -0.62892526  0.        ]
[-0.80649651 -0.35820652 -1.04193438  0.        ]
[1.07025342 0.74489615 0.47700807 0.        ]
[0.1679993  0.96148507 0.56473155 0.        ]
[0.68279561 1.02938654 0.35814041 0.        ]
[1.87056731 0.31592861 0.55034431 0.        ]
[-1.11834934 -0.25372233 -0.44555789  0.        ]
[ 0.63938606 -0.25084204  1.44161256  0.        ]
[ 1.73268764 -0.18164441  0.00927108  0.        ]
[ 0.07519404 -0.49336264  0.12384047  0.        ]
[ 0.08591768  0.95971645 -0.18280175  0.        ]
[ 0.65494873 -0.36494382  0.22167937  0.        ]
[-0.24920518 -1.15855357 -0.87296625  0.        ]
[ 0.91210351 -0.15854082  1.09432733  0.        ]
[0.19976043 0.02094838 0.50946653 0.        ]
[ 0.33787102 -2.31480121 -0.79498439  0.        ]
[0.84898098 2.00791814 0.56380433 0.        ]
[ 0.0515622  -0.65987014  0.21629878  0.        ]
[2.12915176 1.56520669 1.25900268 0.        ]
[-0.31623278 -0.50469655  0.25731463  0.        ]
[ 0.40066171 -0.04773413  0.13882726  0.        ]
[-0.5491181  -0.02781184  0.09119681  0.        ]
[ 0.3438283  -0.6952441  -0.57342282  0.        ]
[-1.19558322 -0.96315513 -0.77799871  0.        ]
[0.5661735  0.28744786 0.71094222 0.        ]
[-0.0772023   0.43793575  0.48153261  0.        ]
[ 0.13702908 -0.69986141 -1.14698998  0.        ]
[-0.96159719 -0.31016498  0.28341354  0.        ]
[-0.68891948 -0.23326875  0.5072877   0.        ]
[-0.57540315  0.59744405  0.6300586   0.        ]
[-0.75356833 -0.43228601  0.41387464  0.        ]
[-0.30856046  0.38109254 -0.93119087  0.        ]
[1.55535144 0.64052433 1.76194204 0.        ]
[ 0.75550299  0.03997881 -0.73518281  0.        ]
[-0.89243222 -1.03399074 -2.8919726  -1.        ]
[-2.021369   -1.15177826 -0.81376657  0.        ]
[-1.05359224 -0.44012148 -0.62104178  0.        ]
[1.46206552 0.50020589 1.05074338 0.        ]
[-0.1515751   0.57916545  1.09974178  0.        ]
[-0.7624329  -0.62414239 -0.57757509  0.        ]
[ 0.51632552 -0.5679931   0.30089305  0.        ]
[-0.38737658 -0.52362226 -0.38592105  0.        ]
[-0.11083413 -0.81818827 -0.58569371  0.        ]
[ 0.85297495  1.17074534 -1.26409243  0.        ]
[-1.84348606 -1.9774313  -1.53606686  0.        ]
[0.12145799 0.1659081  0.04685391 0.        ]
[0.34049075 1.46248854 0.94539408 0.        ]
[ 0.08276673 -0.19777828 -0.49441944  0.        ]
[ 0.26592839 -0.41216499  0.5741702   0.        ]
[-2.16219636 -0.65376962 -2.55013054 -1.        ]
[-0.87961032 -1.92844914  0.59987657  0.        ]
[ 0.73306154 -0.30685702 -0.53317127  0.        ]
[ 0.04994835 -0.01313026  0.66693958  0.        ]
[1.32955376 0.73700907 1.05055679 0.        ]
[-1.41234867 -0.82247392 -0.93292095  0.        ]
[-0.29745045 -0.66088209 -0.42014499  0.        ]
[ 0.27302299 -0.62713637  0.5332022   0.        ]
[-1.17464475 -2.30092696 -1.18987026  0.        ]
[1.57144788 0.90631318 1.50863246 0.        ]
[-0.8935864  -1.06863675 -0.02419465  0.        ]
[ 0.45585161 -0.95596975 -1.51827518  0.        ]
[0.13448961 2.44440045 0.68371189 0.        ]
[ 1.85647827  0.72202195 -0.39709345  0.        ]
[ 0.90997504  0.61622896 -0.72644683  0.        ]
[ 0.98456063  0.84448856 -0.39236482  0.        ]
[ 0.30367051 -0.69781654 -1.13277323  0.        ]
[ 0.18484659 -1.05901459  0.55793501  0.        ]
[-1.97697915 -0.97535086 -0.86594817  0.        ]
[-2.11470022 -1.6696145  -2.21538866  0.        ]
[0.71197825 0.60351758 0.40012313 0.        ]
[ 0.86990937 -1.01265531 -0.35163502  0.        ]
[-0.58425278  1.05622512 -0.17689561  0.        ]
[ 1.01991748  1.1425186  -0.53167721  0.        ]
[0.40569762 0.56282818 0.25184321 0.        ]
[1.52988068 1.37622154 0.51490518 0.        ]
[ 0.54027773 -0.80610553 -1.24927746  0.        ]
[0.93284618 1.30525287 0.96026566 0.        ]
[ 2.49204624  1.206029    3.14355782 -1.        ]
[ 1.19103577 -0.34174912  1.70942432  0.        ]
[-0.28937891 -0.07787128 -0.68486968  0.        ]
[1.0295307  0.95629075 1.75131684 0.        ]
[ 0.0549495  -0.79267702  0.40937784  0.        ]
[-0.63765833 -0.14087615  0.13562316  0.        ]
[-0.24449834 -1.67332288 -0.12996377  0.        ]
[-1.22354221 -0.03337567 -0.91065719  0.        ]
[1.02971953 0.63371922 1.86597229 0.        ]
[-1.39556372 -0.62571399 -1.40762567  0.        ]
[-0.04284012 -0.55617636  0.36527371  0.        ]
[-0.07008326 -0.23179611 -0.21526855  0.        ]
[0.80387252 0.92499112 1.00591822 0.        ]
[-0.34659271 -0.00327643  0.48906013  0.        ]
[ 0.30992994  0.09721674 -0.20014514  0.        ]
[-0.30248701 -0.33218769 -1.28761296  0.        ]
[1.77372447 2.69364902 1.76320768 1.        ]
[5.41235383 4.61174123 4.43522433 1.        ]
[4.21461987 4.09372547 3.65436266 1.        ]
[4.66985539 4.14739963 4.85790787 1.        ]
[3.81382928 2.36289589 1.94462506 1.        ]
[3.21366211 3.03470276 3.4486956  1.        ]
[4.62584226 4.97473266 4.42590756 1.        ]
[4.44056965 4.80365193 4.98243175 1.        ]
[3.16406696 3.2483195  3.85302396 1.        ]
[3.31152119 2.7539878  2.6035001  1.        ]
[3.22802917 3.41920803 4.12903079 1.        ]
[3.87374464 3.75327513 4.6712396  1.        ]
[ 4.98130841  6.96844313  5.73984185 -1.        ]
[ 6.43503195  5.86492501  5.60458154 -1.        ]
[4.37152984 4.32946633 4.53408299 1.        ]
[3.9284397  4.07703134 3.97065306 1.        ]
[3.93952588 3.75813481 3.01437807 1.        ]
[3.43759801 3.05814841 2.93478332 1.        ]
[4.70997562 4.79427122 4.45450155 1.        ]
[3.93154283 4.44176122 4.15795436 1.        ]
[3.80939796 4.5768088  5.17079126 1.        ]
[3.93760552 3.61373358 3.46419772 1.        ]
[3.73397532 4.29366584 2.53383652 1.        ]
[3.52698163 3.77677121 3.79059848 1.        ]
[3.87558257 3.00127767 2.740055   1.        ]
[3.1877517  2.94196579 4.29404698 1.        ]
[5.94604131 5.25295974 5.70503238 1.        ]
[3.80353334 4.53546479 3.56224649 1.        ]
[3.38233498 3.50410435 3.38762101 1.        ]
[3.96871191 4.55598891 3.96532942 1.        ]
[5.15446919 4.85576361 5.97391966 1.        ]
[3.84548981 3.73345748 3.08716006 1.        ]
[5.73090343 5.45915118 6.0413993  1.        ]
[2.06302383 2.43435087 1.60802617 1.        ]
[3.50372026 3.34545159 4.12520551 1.        ]
[3.61637121 4.74858089 3.39356596 1.        ]
[3.47669289 3.28183562 3.98017678 1.        ]
[2.06349003 1.54007109 2.65335045 1.        ]
[ 5.96281513  6.9509818   5.82675011 -1.        ]
[2.19649728 3.24544734 3.44168076 1.        ]
[4.07611008 3.77120939 4.79158872 1.        ]
[4.71768612 4.03870332 5.3381617  1.        ]
[4.45233865 4.33220457 4.55366973 1.        ]
[4.80690642 3.81366393 4.57795882 1.        ]
[3.6359893  3.04034188 2.97527029 1.        ]
[4.42371966 3.70998049 4.0051116  1.        ]
[3.4117925  2.59864394 3.73058419 1.        ]
[6.06076383 5.68815787 4.95440187 1.        ]
[3.9975002  4.34162726 4.58609608 1.        ]
[3.60065595 2.92371182 2.68032254 1.        ]
[4.74173755 4.01877076 4.72594041 1.        ]
[4.3432799  4.48959229 5.1846586  1.        ]
[4.53733267 4.65162144 5.10807174 1.        ]
[4.18762766 4.84419384 4.62669193 1.        ]
[3.00184789 2.84739153 3.23225002 1.        ]
[4.74551676 3.63625123 3.92095458 1.        ]
[3.4730446  3.20802283 2.8864463  1.        ]
[4.79210893 3.8327292  3.7068717  1.        ]
[3.67720189 4.89794557 4.59488242 1.        ]
[5.05174815 5.28971441 5.5750296  1.        ]
[3.23999393 4.01282001 3.30771365 1.        ]
[3.58834933 2.80186387 3.72581334 1.        ]
[3.26466703 2.15594674 3.23402675 1.        ]
[5.08513607 4.77327661 4.70665076 1.        ]
[3.8095751  4.53159673 4.81743251 1.        ]
[3.95454217 5.01259845 5.34709138 1.        ]
[4.40339013 5.35074429 5.33953824 1.        ]
[3.84034795 4.25290001 3.74722178 1.        ]
[4.03523338 4.28417342 4.40389295 1.        ]
[4.11955584 4.0050843  3.62487936 1.        ]
[2.48517701 2.3298801  2.45439148 1.        ]
[4.8068254  5.00277432 5.44129763 1.        ]
[4.81910176 4.54366493 4.89622059 1.        ]
[2.77221191 2.61152992 3.52408542 1.        ]
[4.23341776 3.14733025 4.26071457 1.        ]
[3.11541767 3.03351373 3.85963098 1.        ]
[3.99924658 2.66579131 3.55708141 1.        ]
[4.89026504 4.76022968 4.60105694 1.        ]
[4.51880386 4.26806407 4.02025772 1.        ]
[4.46113475 4.82833051 3.69755511 1.        ]
[3.82345455 4.91237506 4.44971424 1.        ]
[2.43567375 4.07071195 2.66216224 1.        ]
[4.73503569 3.62905034 4.4063101  1.        ]
[4.52368963 5.40717289 5.29482843 1.        ]
[3.00632976 3.55169141 2.61783119 1.        ]
[3.57517109 2.8402646  2.69959762 1.        ]
[5.12150818 4.537398   4.77089455 1.        ]
[4.33021317 3.59159917 4.46838129 1.        ]
[5.76123378 4.15413694 6.65777712 1.        ]
[3.92992622 4.32748359 3.44279669 1.        ]
[4.56389827 4.15656355 4.56408859 1.        ]
[2.46244774 2.13620537 2.22617304 1.        ]
[3.58629326 3.73370228 3.63978908 1.        ]
[2.74518502 2.84327814 3.33661062 1.        ]
[5.46065052 4.84582056 4.80318672 1.        ]
[3.74261281 3.61486502 4.71940756 1.        ]
[3.65063268 4.77261856 3.18116827 1.        ]
[4.91242167 3.81388088 4.1370263  1.        ]
[4.20908106 3.3868943  4.30643251 1.        ]
[3.58748343 2.97630353 2.68148132 1.        ]
[-2.34876854 -2.98388556 -3.67071975  2.        ]
[-2.70617634 -2.96122455 -4.88549734  2.        ]
[-3.81900622 -4.05905782 -5.10255208  2.        ]
[-4.00109084 -5.65986964 -6.4465924   2.        ]
[-4.44123721 -4.16564147 -5.58614076  2.        ]
[-2.53248693 -3.34286427 -3.56800768  2.        ]
[-3.61615213 -4.63780684 -6.02512702  2.        ]
[-1.31650799 -2.66384212 -2.92571897  2.        ]
[-3.53324724 -5.03040431 -5.91032526  2.        ]
[-3.45632444 -3.86456741 -4.39442745  2.        ]
[-2.00821897 -3.21617518 -3.75734514  2.        ]
[-2.60383735 -3.82184511 -4.9354419   2.        ]
[-2.78202693 -3.44180051 -4.11905364  2.        ]
[-2.2297029  -4.12792109 -4.50498295  2.        ]
[-2.35806061 -3.0540766  -3.52367742  2.        ]
[-4.09031864 -3.87799482 -6.07890901  2.        ]
[-2.00634211 -3.73344036 -4.83873532  2.        ]
[-3.40098652 -5.56007958 -5.56366619  2.        ]
[-2.34633512 -3.84761503 -5.01605494  2.        ]
[-3.52513086 -3.74416445 -4.84345597  2.        ]
[-3.0674416  -2.93502517 -5.70020629  2.        ]
[-2.26255825 -3.21938984 -3.78136737  2.        ]
[-3.07673506 -3.92812914 -4.07614484  2.        ]
[-3.26202895 -3.71183958 -5.91051164  2.        ]
[-3.71008933 -4.48977535 -4.94594519  2.        ]
[-3.30460682 -4.39468241 -5.19346403  2.        ]
[-2.99437217 -4.35888267 -5.06571783  2.        ]
[-1.1577097  -3.15212702 -4.90845625  2.        ]
[-4.62283308 -5.42933525 -7.30951974  2.        ]
[-3.53284697 -4.84733841 -5.37215102  2.        ]
[-2.31646273 -2.98977601 -4.10514881  2.        ]
[-3.1731757  -4.01618753 -5.18592045  2.        ]
[-4.37949865 -5.12171847 -5.34344513  2.        ]
[-2.1249882  -3.54517556 -5.04532136  2.        ]
[-3.11911936 -4.31574824 -4.39932687  2.        ]
[-2.54858595 -3.83551878 -5.68850931  2.        ]
[-2.87876279 -3.08461067 -5.02390609  2.        ]
[-0.81317277 -1.86472337 -2.88484632 -1.        ]
[-3.37808713 -4.68697911 -4.7394923   2.        ]
[-3.82229163 -4.81514355 -5.61766647  2.        ]
[-1.2506278  -2.27421608 -2.67496373  2.        ]
[-2.91338067 -3.66662873 -5.47013868  2.        ]
[-3.14979071 -4.08526414 -5.0666588   2.        ]
[-3.71170171 -5.41484861 -5.80375688  2.        ]
[-6.23033627 -6.83265805 -8.21227388 -1.        ]
[-2.30630408 -3.06762267 -3.79188079  2.        ]
[-0.46157926 -1.11746205 -2.88484446 -1.        ]
[-4.1636931  -4.33589658 -6.32059288  2.        ]
[-2.67631693 -3.73686354 -5.19763111  2.        ]
[-3.26853563 -3.97291226 -4.76972585  2.        ]
[-3.95809994 -5.66648766 -6.66672483  2.        ]
[-2.8393913  -3.65386434 -4.28069061  2.        ]
[-2.13149981 -2.88364246 -4.32911272  2.        ]
[-3.21581771 -4.07338649 -4.0999065   2.        ]
[-1.76265389 -3.63374513 -3.55845173  2.        ]
[-1.16184015 -2.44908292 -3.13458233  2.        ]
[-1.01000489 -1.88357851 -3.11731031  2.        ]
[-3.64593691 -5.00021761 -5.39654154  2.        ]
[-4.27520391 -4.75927788 -5.85178923  2.        ]
[-2.84534629 -2.94441242 -3.6012134   2.        ]
[-3.7621746  -4.21549033 -5.91534859  2.        ]
[-4.17912144 -4.50131343 -4.73101997  2.        ]
[-2.46714888 -3.15617362 -4.12514428  2.        ]
[-3.67001617 -4.20840847 -6.52795772  2.        ]
[-2.99403016 -4.61327066 -5.5822295   2.        ]
[-2.11199891 -3.07756895 -3.37641814  2.        ]
[-3.37809471 -4.72160643 -5.92665118  2.        ]
[-3.78299017 -4.23539747 -6.16134625  2.        ]
[-3.18987922 -3.70076292 -4.85120844  2.        ]
[-4.15578332 -6.07362283 -6.94137848  2.        ]
[-2.42186138 -3.15852685 -4.83006609  2.        ]
[-2.3860395  -4.27629365 -3.76463262  2.        ]
[-4.19207215 -4.94257144 -6.0843906   2.        ]
[-2.66099778 -4.23882334 -5.01384799  2.        ]
[-3.27621419 -3.47600993 -4.90661828  2.        ]
[-2.76139677 -4.19341144 -4.83103799  2.        ]
[-2.92982167 -3.82042776 -5.19998886  2.        ]
[-3.4912902  -4.54119419 -5.56447972  2.        ]
[-3.01989621 -4.06939033 -4.49037775  2.        ]
[-2.90780088 -4.42991505 -5.18045686  2.        ]
[-4.17379119 -5.71559105 -6.28839655  2.        ]
[-0.79373651 -3.24181915 -3.85829562  2.        ]
[-2.30568232 -2.86571109 -4.51051206  2.        ]
[-4.12495139 -5.02956038 -5.69767903  2.        ]
[-2.72088896 -4.41723849 -4.76135745  2.        ]
[-5.13205691 -6.6437397  -7.0076876  -1.        ]
[-3.92931124 -4.28340442 -5.5041214   2.        ]
[-3.6695687  -4.06046974 -4.75021169  2.        ]
[-2.4167137  -3.44544307 -4.67898101  2.        ]
[-2.72169377 -3.916184   -4.63468012  2.        ]
[-3.38201483 -4.74854065 -6.8307781   2.        ]
[-4.08231822 -5.45442657 -6.42260325  2.        ]
[-3.50453865 -4.36157797 -5.82788087  2.        ]
[-3.34055267 -5.01435743 -5.81841211  2.        ]
[-3.36879885 -3.97379113 -4.92271972  2.        ]
[-2.03787902 -3.82663531 -5.1173863   2.        ]
[-3.07835093 -3.98062585 -5.61271867  2.        ]
[-2.64603697 -2.94317785 -5.87454803  2.        ]
[-1.90551994 -2.56194069 -3.19608767  2.        ]
[-2.18797623 -2.52589716 -3.21324805  2.        ]
