0.0000e+00 0.0000e+00 0.0000e+00 0.0000e+00 0.0000e+00 0.0000e+00
0.0000e+00 0.0000e+00 0.0000e+00 0.0000e+00 0.0000e+00 0.0000e+00
0.0000e+00 0.0000e+00 0.0000e+00 0.0000e+00 0.0000e+00 0.0000e+00
0.0000e+00 0.0000e+00 0.0000e+00 0.0000e+00 0.0000e+00 0.0000e+00
0.0000e+00 0.0000e+00 0.0000e+00 0.0000e+00 0.0000e+00 0.0000e+00
0.0000e+00 0.0000e+00 0.0000e+00 0.0000e+00 0.0000e+00 0.0000e+00
0.0000e+00 0.0000e+00 0.0000e+00 0.0000e+00 0.0000e+00 0.0000e+00
0.0000e+00 0.0000e+00 0.0000e+00 0.0000e+00 0.0000e+00 0.0000e+00
0.0000e+00 0.0000e+00 0.0000e+00 0.0000e+00 0.0000e+00 0.0000e+00
0.0000e+00 0.0000e+00 0.0000e+00 0.0000e+00 0.0000e+00 0.0000e+00
0.0000e+00 0.0000e+00 0.0000e+00 0.0000e+00 0.0000e+00 0.0000e+00
0.0000e+00 0.0000e+00 0.0000e+00 0.0000e+00 0.0000e+00 0.0000e+00
0.0000e+00 0.0000e+00 0.0000e+00 0.0000e+00 0.0000e+00 0.0000e+00
0.0000e+00 0.0000e+00 0.0000e+00 0.0000e+00 0.0000e+00 0.0000e+00
0.0000e+00 0.0000e+00 0.0000e+00 0.0000e+00 0.0000e+00 0.0000e+00
0.0000e+00 0.0000e+00 0.0000e+00 0.0000e+00 0.0000e+00 0.0000e+00
0.0000e+00 0.0000e+00 0.0000e+00 0.0000e+00 0.0000e+00 0.0000e+00
0.0000e+00 0.0000e+00 0.0000e+00 0.0000e+00 0.0000e+00 0.0000e+00
0.0000e+00 0.0000e+00 0.0000e+00 0.0000e+00 0.0000e+00 0.0000e+00
0.0000e+00 0.0000e+00 0.0000e+00 0.0000e+00 0.0000e+00 0.0000e+00
0.0000e+00 0.0000e+00 0.0000e+00 0.0000e+00 0.0000e+00 0.0000e+00
0.0000e+00 0.0000e+00 0.0000e+00 0.0000e+00 0.0000e+00 0.0000e+00
0.0000e+00 0.0000e+00 0.0000e+00 0.0000e+00 0.0000e+00 0.0000e+00
0.0000e+00 0.0000e+00 0.0000e+00 0.0000e+00 0.0000e+00 0.0000e+00
0.0000e+00 0.0000e+00 0.0000e+00 0.0000e+00 0.0000e+00 0.0000e+00
0.0000e+00 0.0000e+00 0.0000e+00 0.0000e+00 0.0000e+00 0.0000e+00
0.0000e+00 0.0000e+00 0.0000e+00 0.0000e+00 0.0000e+00 0.0000e+00
0.0000e+00 0.0000e+00 0.0000e+00 0.0000e+00 0.0000e+00 0.0000e+00
0.0000e+00 0.0000e+00 0.0000e+00 0.0000e+00 0.0000e+00 0.0000e+00
0.0000e+00 0.0000e+00 0.0000e+00 0.0000e+00 0.0000e+00 0.0000e+00
0.0000e+00 0.0000e+00 0.0000e+00 0.0000e+00 0.0000e+00 0.0000e+00
0.0000e+00 0.0000e+00 0.0000e+00 0.0000e+00 0.0000e+00 0.0000e+00
0.0000e+00 0.0000e+00 0.0000e+00 0.0000e+00 0.0000e+00 0.0000e+00
0.0000e+00 0.0000e+00 0.0000e+00 0.0000e+00 0.0000e+00 0.0000e+00
0.0000e+00 0.0000e+00 0.0000e+00 0.0000e+00 0.0000e+00 0.0000e+00
0.0000e+00 0.0000e+00 0.0000e+00 0.0000e+00 0.0000e+00 0.0000e+00
0.0000e+00 0.0000e+00 0.0000e+00 0.0000e+00 0.0000e+00 0.0000e+00
0.0000e+00 0.0000e+00 0.0000e+00 0.0000e+00 0.0000e+00 0.0000e+00
0.0000e+00 0.0000e+00 0.0000e+00 0.0000e+00 0.0000e+00 0.0000e+00
0.0000e+00 0.0000e+00 0.0000e+00 0.0000e+00 0.0000e+00 0.0000e+00
0.0000e+00 0.0000e+00 0.0000e+00 0.0000e+00 0.0000e+00 0.0000e+00
0.0000e+00 0.0000e+00 0.0000e+00 0.0000e+00 0.0000e+00 0.0000e+00
0.0000e+00 0.0000e+00 0.0000e+00 0.0000e+00 0.0000e+00 0.0000e+00
0.0000e+00 0.0000e+00 0.0000e+00 0.0000e+00 0.0000e+00 0.0000e+00
0.0000e+00 0.0000e+00 0.0000e+00 0.0000e+00 0.0000e+00 0.0000e+00
0.0000e+00 0.0000e+00 0.0000e+00 0.0000e+00 0.0000e+00 0.0000e+00
0.0000e+00 0.0000e+00 0.0000e+00 0.0000e+00 0.0000e+00 0.0000e+00
0.0000e+00 0.0000e+00 0.0000e+00 0.0000e+00 0.0000e+00 0.0000e+00
0.0000e+00 0.0000e+00 0.0000e+00 0.0000e+00 0.0000e+00 0.0000e+00
0.0000e+00 0.0000e+00 0.0000e+00 0.0000e+00 0.0000e+00 0.0000e+00
0.0000e+00 0.0000e+00 0.0000e+00 0.0000e+00 0.0000e+00 0.0000e+00
0.0000e+00 0.0000e+00 0.0000e+00 0.0000e+00 0.0000e+00 0.0000e+00
0.0000e+00 0.0000e+00 0.0000e+00 0.0000e+00 0.0000e+00 0.0000e+00
0.0000e+00 0.0000e+00 0.0000e+00 0.0000e+00 0.0000e+00 0.0000e+00
0.0000e+00 0.0000e+00 0.0000e+00 0.0000e+00 0.0000e+00 0.0000e+00
0.0000e+00 0.0000e+00 0.0000e+00 0.0000e+00 0.0000e+00 0.0000e+00
0.0000e+00 0.0000e+00 0.0000e+00 0.0000e+00 0.0000e+00 0.0000e+00
0.0000e+00 0.0000e+00 0.0000e+00 0.0000e+00 0.0000e+00 0.0000e+00
0.0000e+00 0.0000e+00 0.0000e+00 0.0000e+00 0.0000e+00 0.0000e+00
0.0000e+00 0.0000e+00 0.0000e+00 0.0000e+00 0.0000e+00 0.0000e+00
0.0000e+00 0.0000e+00 0.0000e+00 0.0000e+00 0.0000e+00 0.0000e+00
0.0000e+00 0.0000e+00 0.0000e+00 0.0000e+00 0.0000e+00 0.0000e+00
0.0000e+00 0.0000e+00 0.0000e+00 0.0000e+00 0.0000e+00 0.0000e+00
0.0000e+00 0.0000e+00 0.0000e+00 0.0000e+00 0.0000e+00 0.0000e+00
0.0000e+00 0.0000e+00 0.0000e+00 0.0000e+00 0.0000e+00 0.0000e+00
0.0000e+00 0.0000e+00 0.0000e+00 0.0000e+00 0.0000e+00 0.0000e+00
0.0000e+00 0.0000e+00 0.0000e+00 0.0000e+00 0.0000e+00 0.0000e+00
0.0000e+00 0.0000e+00 0.0000e+00 0.0000e+00 0.0000e+00 0.0000e+00
0.0000e+00 0.0000e+00 0.0000e+00 0.0000e+00 0.0000e+00 0.0000e+00
0.0000e+00 0.0000e+00 0.0000e+00 0.0000e+00 0.0000e+00 0.0000e+00
0.0000e+00 0.0000e+00 0.0000e+00 0.0000e+00 0.0000e+00 0.0000e+00
0.0000e+00 0.0000e+00 0.0000e+00 0.0000e+00 0.0000e+00 0.0000e+00
0.0000e+00 0.0000e+00 0.0000e+00 0.0000e+00 0.0000e+00 0.0000e+00
0.0000e+00 0.0000e+00 0.0000e+00 0.0000e+00 0.0000e+00 0.0000e+00
0.0000e+00 0.0000e+00 0.0000e+00 0.0000e+00 0.0000e+00 0.0000e+00
0.0000e+00 0.0000e+00 0.0000e+00 0.0000e+00 0.0000e+00 0.0000e+00
0.0000e+00 0.0000e+00 0.0000e+00 0.0000e+00 0.0000e+00 0.0000e+00
0.0000e+00 0.0000e+00 0.0000e+00 0.0000e+00 0.0000e+00 0.0000e+00
0.0000e+00 0.0000e+00 0.0000e+00 0.0000e+00 0.0000e+00 0.0000e+00
0.0000e+00 0.0000e+00 0.0000e+00 0.0000e+00 0.0000e+00 0.0000e+00
0.0000e+00 0.0000e+00 0.0000e+00 0.0000e+00 0.0000e+00 0.0000e+00
0.0000e+00 0.0000e+00 0.0000e+00 0.0000e+00 0.0000e+00 0.0000e+00
0.0000e+00 0.0000e+00 0.0000e+00 0.0000e+00 0.0000e+00 0.0000e+00
0.0000e+00 0.0000e+00 0.0000e+00 0.0000e+00 0.0000e+00 0.0000e+00
0.0000e+00 0.0000e+00 0.0000e+00 0.0000e+00 0.0000e+00 0.0000e+00
0.0000e+00 0.0000e+00 0.0000e+00 0.0000e+00 0.0000e+00 0.0000e+00
0.0000e+00 0.0000e+00 0.0000e+00 0.0000e+00 0.0000e+00 0.0000e+00
0.0000e+00 0.0000e+00 0.0000e+00 0.0000e+00 0.0000e+00 0.0000e+00
0.0000e+00 0.0000e+00 0.0000e+00 0.0000e+00 0.0000e+00 0.0000e+00
0.0000e+00 0.0000e+00 0.0000e+00 0.0000e+00 0.0000e+00 0.0000e+00
0.0000e+00 0.0000e+00 0.0000e+00 0.0000e+00 0.0000e+00 0.0000e+00
-8.2938e+00 1.1524e+00 -2.3479e+00 3.7665e+00 -2.8465e+00 3.7665e+00
3.7924e+01 3.9144e+01 -2.3775e+01 -2.1827e+01 -1.1121e+01 -2.1827e+01
-8.2777e+00 1.1661e+00 -2.3732e+00 3.7091e+00 -2.8465e+00 3.7091e+00
-8.3086e+00 1.1631e+00 -2.3775e+00 2.5704e+00 -2.8536e+00 2.5704e+00
3.7842e+01 3.9319e+01 -2.3998e+01 -2.1235e+01 -1.1126e+01 -2.1235e+01
-8.2556e+00 1.1703e+00 -2.3915e+00 3.6894e+00 -2.9664e+00 3.6894e+00
-8.2744e+00 1.2014e+00 -2.4063e+00 3.7040e+00 -2.8280e+00 3.7040e+00
-8.2523e+00 1.1917e+00 -2.3695e+00 2.6159e+00 -2.8554e+00 2.6159e+00
-8.2397e+00 1.1627e+00 -2.3658e+00 3.6636e+00 -2.8544e+00 3.6636e+00
-8.2700e+00 1.1604e+00 -2.3706e+00 3.6816e+00 -2.8492e+00 3.6816e+00
-8.2745e+00 1.1766e+00 -2.5272e+00 3.7244e+00 -2.8619e+00 3.7244e+00
-8.2418e+00 1.1849e+00 -2.3728e+00 3.7420e+00 -2.8530e+00 3.7420e+00
-8.2315e+00 1.1645e+00 -2.3680e+00 3.7452e+00 -2.8461e+00 3.7452e+00
-8.2634e+00 1.1751e+00 -2.3501e+00 3.7864e+00 -2.8362e+00 3.7864e+00
-8.2708e+00 1.1864e+00 -2.3685e+00 3.7039e+00 -2.8557e+00 3.7039e+00
-8.2700e+00 1.2170e+00 -2.4003e+00 3.6699e+00 -2.8571e+00 3.6699e+00
-8.4355e+00 1.1584e+00 -2.3952e+00 3.7128e+00 -2.8489e+00 3.7128e+00
3.8099e+01 3.9290e+01 -2.3652e+01 -2.1616e+01 -1.1193e+01 -2.1616e+01
-8.2827e+00 1.1529e+00 -2.3904e+00 3.6804e+00 -2.8736e+00 3.6804e+00
-8.2592e+00 1.1745e+00 -2.3846e+00 3.7072e+00 -2.8402e+00 3.7072e+00
-8.2643e+00 1.1506e+00 -2.3591e+00 3.7049e+00 -2.8609e+00 3.7049e+00
-8.2429e+00 1.1818e+00 -2.3787e+00 3.7185e+00 -2.8506e+00 3.7185e+00
-8.3009e+00 1.1742e+00 -2.3810e+00 3.7290e+00 -2.8845e+00 3.7290e+00
-8.3038e+00 1.1805e+00 -2.3598e+00 3.7225e+00 -2.8643e+00 3.7225e+00
-8.3042e+00 1.1919e+00 -2.3549e+00 3.7332e+00 -2.8472e+00 3.7332e+00
-8.2520e+00 1.1940e+00 -2.3917e+00 3.7741e+00 -2.8578e+00 3.7741e+00
-8.2501e+00 1.1716e+00 -2.3800e+00 3.7466e+00 -2.8372e+00 3.7466e+00
-8.2641e+00 1.1791e+00 -2.3753e+00 3.6547e+00 -2.8934e+00 3.6547e+00
-8.2689e+00 1.1608e+00 -2.3869e+00 3.7005e+00 -2.8501e+00 3.7005e+00
3.7864e+01 4.0017e+01 -2.3730e+01 -1.8336e+01 -1.1198e+01 -1.8336e+01
-8.2575e+00 1.1891e+00 -2.3747e+00 3.7333e+00 -2.8578e+00 3.7333e+00
-8.2951e+00 1.1931e+00 -2.3905e+00 1.8057e+00 -2.8465e+00 1.8057e+00
-8.2498e+00 1.1854e+00 -2.4055e+00 3.6703e+00 -2.8225e+00 3.6703e+00
-8.2783e+00 1.2125e+00 -2.3788e+00 3.6968e+00 -2.8604e+00 3.6968e+00
-8.2403e+00 1.1684e+00 -2.3890e+00 3.6986e+00 -2.8664e+00 3.6986e+00
-8.2916e+00 1.1918e+00 -2.4024e+00 3.7197e+00 -2.8557e+00 3.7197e+00
3.7973e+01 3.9176e+01 -2.4934e+01 -2.1849e+01 -1.1216e+01 -2.1849e+01
-8.3243e+00 1.1669e+00 -2.3758e+00 3.7514e+00 -2.8393e+00 3.7514e+00
-8.3405e+00 1.1567e+00 -2.3712e+00 3.6794e+00 -2.8527e+00 3.6794e+00
-8.2707e+00 1.1746e+00 -2.3748e+00 3.6768e+00 -2.8537e+00 3.6768e+00
-8.2668e+00 1.1833e+00 -2.3766e+00 3.6710e+00 -2.8417e+00 3.6710e+00
-8.2620e+00 1.1825e+00 -2.4061e+00 3.6573e+00 -2.8948e+00 3.6573e+00
-8.2554e+00 1.1747e+00 -2.3693e+00 3.6600e+00 -2.8468e+00 3.6600e+00
-8.2520e+00 1.1804e+00 -2.3983e+00 3.6571e+00 -2.8331e+00 3.6571e+00
-8.2891e+00 1.1802e+00 -2.3430e+00 3.7300e+00 -2.8489e+00 3.7300e+00
3.7960e+01 4.0604e+01 -2.4861e+01 -1.6393e+01 -1.1133e+01 -1.6393e+01
3.8204e+01 3.9125e+01 -2.3378e+01 -2.1477e+01 -1.0973e+01 -2.1477e+01
-8.2674e+00 1.1751e+00 -2.3943e+00 3.5831e+00 -2.8297e+00 3.5831e+00
-8.2355e+00 1.1572e+00 -2.3898e+00 3.6851e+00 -2.8359e+00 3.6851e+00
-8.2531e+00 1.1748e+00 -2.4226e+00 3.6609e+00 -2.8472e+00 3.6609e+00
3.8063e+01 3.9162e+01 -2.4673e+01 -2.1867e+01 -1.1118e+01 -2.1867e+01
-8.2745e+00 1.1606e+00 -2.3743e+00 3.6305e+00 -2.8611e+00 3.6305e+00
-8.2485e+00 1.1526e+00 -2.3743e+00 3.7322e+00 -2.8547e+00 3.7322e+00
-8.3267e+00 1.1639e+00 -2.4272e+00 3.6892e+00 -2.8444e+00 3.6892e+00
3.8750e+01 4.0506e+01 -2.1620e+01 -1.6946e+01 -1.1031e+01 -1.6946e+01
-8.2780e+00 1.1603e+00 -2.3872e+00 2.5023e+00 -2.8420e+00 2.5023e+00
3.8693e+01 4.0870e+01 -2.1889e+01 -1.5500e+01 -1.0765e+01 -1.5500e+01
3.8762e+01 4.0334e+01 -2.1617e+01 -1.7312e+01 -1.0831e+01 -1.7312e+01
3.8758e+01 4.0322e+01 -2.1728e+01 -1.7291e+01 -1.1002e+01 -1.7291e+01
-8.3007e+00 1.1449e+00 -2.4385e+00 3.7066e+00 -2.8662e+00 3.7066e+00
3.8774e+01 4.0880e+01 -2.1211e+01 -1.5529e+01 -1.0790e+01 -1.5529e+01
3.8663e+01 4.0822e+01 -2.1933e+01 -1.5566e+01 -1.0935e+01 -1.5566e+01
3.8416e+01 4.0616e+01 -2.2444e+01 -1.6554e+01 -1.0820e+01 -1.6554e+01
3.9268e+01 4.0392e+01 -1.9792e+01 -1.7125e+01 -1.0653e+01 -1.7125e+01
3.8744e+01 4.0519e+01 -2.1356e+01 -1.6911e+01 -1.0728e+01 -1.6911e+01
3.8610e+01 4.0791e+01 -2.2044e+01 -1.5518e+01 -1.0837e+01 -1.5518e+01
3.8774e+01 4.0834e+01 -2.1467e+01 -1.5740e+01 -1.0753e+01 -1.5740e+01
-8.2519e+00 1.1770e+00 -2.3866e+00 3.7294e+00 -2.8609e+00 3.7294e+00
3.8581e+01 4.0748e+01 -2.1593e+01 -1.5844e+01 -1.0997e+01 -1.5844e+01
3.8648e+01 4.0756e+01 -2.1853e+01 -1.5814e+01 -1.0928e+01 -1.5814e+01
3.8866e+01 4.0300e+01 -2.0591e+01 -1.7569e+01 -1.0940e+01 -1.7569e+01
3.8641e+01 4.0695e+01 -2.2012e+01 -1.6296e+01 -1.0896e+01 -1.6296e+01
3.8007e+01 4.0805e+01 -2.3793e+01 -1.5712e+01 -1.1163e+01 -1.5712e+01
3.8800e+01 4.0860e+01 -2.1448e+01 -1.5556e+01 -1.1235e+01 -1.5556e+01
3.8697e+01 4.0831e+01 -2.1035e+01 -1.5588e+01 -1.0797e+01 -1.5588e+01
3.8701e+01 4.0795e+01 -2.2015e+01 -1.5698e+01 -1.1023e+01 -1.5698e+01
3.8651e+01 4.0766e+01 -2.2174e+01 -1.5880e+01 -1.0708e+01 -1.5880e+01
3.8022e+01 3.9294e+01 -2.3679e+01 -2.1283e+01 -1.1087e+01 -2.1283e+01
3.8673e+01 4.0722e+01 -2.1567e+01 -1.6162e+01 -1.1000e+01 -1.6162e+01
3.8357e+01 4.0859e+01 -2.2849e+01 -1.5704e+01 -1.1076e+01 -1.5704e+01
3.8112e+01 4.0886e+01 -2.3798e+01 -1.5725e+01 -1.0929e+01 -1.5725e+01
3.8690e+01 4.0633e+01 -2.1606e+01 -1.6488e+01 -1.0778e+01 -1.6488e+01
3.8192e+01 4.0640e+01 -2.1675e+01 -1.6419e+01 -1.0960e+01 -1.6419e+01
3.8173e+01 4.0417e+01 -2.2120e+01 -1.7201e+01 -1.0776e+01 -1.7201e+01
3.8531e+01 4.0497e+01 -2.1769e+01 -1.6797e+01 -1.1283e+01 -1.6797e+01
3.8179e+01 4.0430e+01 -2.2145e+01 -1.7060e+01 -1.1376e+01 -1.7060e+01
3.8809e+01 4.0786e+01 -2.1900e+01 -1.5687e+01 -1.0957e+01 -1.5687e+01
3.8747e+01 4.0814e+01 -2.1589e+01 -1.5694e+01 -1.0959e+01 -1.5694e+01
3.7956e+01 3.9201e+01 -2.4849e+01 -2.1473e+01 -1.1275e+01 -2.1473e+01
3.8467e+01 4.0165e+01 -2.2269e+01 -1.7960e+01 -1.1194e+01 -1.7960e+01
3.8825e+01 4.0615e+01 -2.1470e+01 -1.6379e+01 -1.0731e+01 -1.6379e+01
3.8767e+01 4.0818e+01 -2.1455e+01 -1.5767e+01 -1.0863e+01 -1.5767e+01
3.8966e+01 4.0777e+01 -2.1153e+01 -1.6040e+01 -1.0805e+01 -1.6040e+01
3.8226e+01 4.0983e+01 -2.2721e+01 -1.5278e+01 -1.1075e+01 -1.5278e+01
3.8661e+01 4.0664e+01 -2.1283e+01 -1.6273e+01 -1.0918e+01 -1.6273e+01
3.9126e+01 4.0605e+01 -1.9791e+01 -1.6404e+01 -1.0664e+01 -1.6404e+01
3.8872e+01 4.0392e+01 -2.1434e+01 -1.7031e+01 -1.1172e+01 -1.7031e+01
3.8654e+01 4.0619e+01 -2.2062e+01 -1.6559e+01 -1.1059e+01 -1.6559e+01
3.8619e+01 4.0992e+01 -2.1463e+01 -1.5768e+01 -1.1038e+01 -1.5768e+01
3.8843e+01 4.0840e+01 -2.1512e+01 -1.5728e+01 -1.0955e+01 -1.5728e+01
3.8684e+01 4.0840e+01 -2.1353e+01 -1.5134e+01 -1.1050e+01 -1.5134e+01
3.8900e+01 4.0720e+01 -2.1455e+01 -1.6006e+01 -1.0802e+01 -1.6006e+01
3.8028e+01 3.9959e+01 -2.3740e+01 -1.8608e+01 -1.1198e+01 -1.8608e+01
3.8412e+01 4.0815e+01 -2.1703e+01 -1.5596e+01 -1.0820e+01 -1.5596e+01
3.8723e+01 4.0834e+01 -2.1408e+01 -1.5730e+01 -1.1028e+01 -1.5730e+01
3.8855e+01 4.0826e+01 -2.1600e+01 -1.5773e+01 -1.0961e+01 -1.5773e+01
3.8747e+01 4.0470e+01 -2.1038e+01 -1.6925e+01 -1.0786e+01 -1.6925e+01
3.8589e+01 4.0816e+01 -2.2242e+01 -1.5675e+01 -1.1121e+01 -1.5675e+01
3.7339e+01 4.0808e+01 -2.4605e+01 -1.5742e+01 -1.1165e+01 -1.5742e+01
3.8974e+01 4.0809e+01 -2.0857e+01 -1.6034e+01 -1.0804e+01 -1.6034e+01
3.8701e+01 4.0812e+01 -2.1481e+01 -1.5768e+01 -1.0767e+01 -1.5768e+01
3.8827e+01 4.0783e+01 -2.0954e+01 -1.5851e+01 -1.0817e+01 -1.5851e+01
3.9125e+01 4.0844e+01 -2.0401e+01 -1.5257e+01 -1.0941e+01 -1.5257e+01
3.8497e+01 4.0623e+01 -2.1715e+01 -1.6411e+01 -1.1219e+01 -1.6411e+01
3.8589e+01 4.0133e+01 -2.2194e+01 -1.8057e+01 -1.1160e+01 -1.8057e+01
3.8672e+01 4.0829e+01 -2.1742e+01 -1.5545e+01 -1.0823e+01 -1.5545e+01
3.8611e+01 4.0054e+01 -2.1440e+01 -1.8040e+01 -1.1056e+01 -1.8040e+01
3.8549e+01 4.0796e+01 -2.1791e+01 -1.5762e+01 -1.1234e+01 -1.5762e+01
3.8724e+01 4.0791e+01 -2.1163e+01 -1.5145e+01 -1.1031e+01 -1.5145e+01
3.8622e+01 4.0795e+01 -2.1354e+01 -1.5694e+01 -1.0989e+01 -1.5694e+01
3.8347e+01 4.0259e+01 -2.2361e+01 -1.7410e+01 -1.1205e+01 -1.7410e+01
3.7988e+01 3.8893e+01 -2.4654e+01 -2.1903e+01 -1.1206e+01 -2.1903e+01
3.8612e+01 4.0794e+01 -2.1364e+01 -1.5761e+01 -1.0980e+01 -1.5761e+01
3.8664e+01 3.9692e+01 -2.1014e+01 -1.9203e+01 -1.0787e+01 -1.9203e+01
-8.2520e+00 1.1577e+00 -2.3600e+00 3.6795e+00 -2.8520e+00 3.6795e+00
3.9121e+01 4.0792e+01 -2.0512e+01 -1.5901e+01 -1.0756e+01 -1.5901e+01
3.9051e+01 4.0871e+01 -2.0539e+01 -1.5791e+01 -1.0796e+01 -1.5791e+01
3.8503e+01 4.0807e+01 -2.1526e+01 -1.5761e+01 -1.1050e+01 -1.5761e+01
3.8019e+01 3.9301e+01 -2.3837e+01 -2.1147e+01 -1.1060e+01 -2.1147e+01
3.8764e+01 4.0842e+01 -2.1452e+01 -1.5742e+01 -1.0931e+01 -1.5742e+01
3.9292e+01 4.0824e+01 -1.9525e+01 -1.5754e+01 -1.0671e+01 -1.5754e+01
3.8835e+01 4.0801e+01 -2.1176e+01 -1.5761e+01 -1.0865e+01 -1.5761e+01
3.8813e+01 4.0831e+01 -2.1467e+01 -1.5282e+01 -1.1011e+01 -1.5282e+01
3.8614e+01 4.0880e+01 -2.0984e+01 -1.5585e+01 -1.0809e+01 -1.5585e+01
3.8956e+01 4.0643e+01 -2.1242e+01 -1.6270e+01 -1.0801e+01 -1.6270e+01
3.8747e+01 4.0898e+01 -2.1473e+01 -1.5657e+01 -1.0930e+01 -1.5657e+01
3.8630e+01 4.0593e+01 -2.1272e+01 -1.6666e+01 -1.0838e+01 -1.6666e+01
3.8969e+01 4.0690e+01 -2.0669e+01 -1.6081e+01 -1.0912e+01 -1.6081e+01
3.8768e+01 4.0795e+01 -2.1152e+01 -1.5722e+01 -1.0821e+01 -1.5722e+01
3.8583e+01 4.0863e+01 -2.0921e+01 -1.5641e+01 -1.0826e+01 -1.5641e+01
3.9081e+01 4.0879e+01 -2.0984e+01 -1.5625e+01 -1.0789e+01 -1.5625e+01
3.8308e+01 4.0148e+01 -2.1584e+01 -1.8248e+01 -1.0785e+01 -1.8248e+01
3.9509e+01 4.0833e+01 -1.9596e+01 -1.5917e+01 -1.0743e+01 -1.5917e+01
3.9237e+01 4.1003e+01 -2.0049e+01 -1.5263e+01 -1.0882e+01 -1.5263e+01
3.8844e+01 4.0986e+01 -2.2048e+01 -1.5318e+01 -1.1062e+01 -1.5318e+01
3.9214e+01 4.1067e+01 -2.0588e+01 -1.4920e+01 -1.0717e+01 -1.4920e+01
3.8552e+01 4.1091e+01 -2.2986e+01 -1.4996e+01 -1.0837e+01 -1.4996e+01
3.9236e+01 4.0604e+01 -2.0868e+01 -1.7097e+01 -1.0791e+01 -1.7097e+01
3.8696e+01 3.9712e+01 -2.2913e+01 -2.0836e+01 -1.0855e+01 -2.0836e+01
3.8749e+01 3.9965e+01 -2.2650e+01 -1.9514e+01 -1.0880e+01 -1.9514e+01
3.8782e+01 4.1333e+01 -2.2191e+01 -1.4324e+01 -1.0856e+01 -1.4324e+01
3.9478e+01 4.1317e+01 -2.0528e+01 -1.4637e+01 -1.0672e+01 -1.4637e+01
3.9884e+01 4.1567e+01 -1.8810e+01 -1.3583e+01 -1.0426e+01 -1.3583e+01
3.9267e+01 4.0941e+01 -2.1101e+01 -1.6432e+01 -1.0840e+01 -1.6432e+01
3.9369e+01 4.1407e+01 -2.1211e+01 -1.4390e+01 -1.0763e+01 -1.4390e+01
3.9728e+01 4.1545e+01 -1.9416e+01 -1.3291e+01 -1.0503e+01 -1.3291e+01
3.9850e+01 4.1578e+01 -1.9603e+01 -1.3986e+01 -1.0508e+01 -1.3986e+01
4.0104e+01 4.1747e+01 -1.9206e+01 -1.3235e+01 -1.0412e+01 -1.3235e+01
3.9418e+01 4.0973e+01 -2.1008e+01 -1.7080e+01 -1.0830e+01 -1.7080e+01
3.9572e+01 4.0701e+01 -2.0754e+01 -1.8605e+01 -1.0612e+01 -1.8605e+01
3.9328e+01 4.1620e+01 -2.1211e+01 -1.4281e+01 -1.0564e+01 -1.4281e+01
3.9846e+01 4.1656e+01 -1.9254e+01 -1.3919e+01 -1.0724e+01 -1.3919e+01
3.9542e+01 4.1933e+01 -2.1338e+01 -1.2848e+01 -1.0451e+01 -1.2848e+01
4.0257e+01 4.1563e+01 -1.8303e+01 -1.5089e+01 -1.0251e+01 -1.5089e+01
1.9816e+01 2.2341e+01 -2.9441e+01 -2.8853e+01 9.2169e+00 -2.8853e+01
2.5144e+01 2.7149e+01 -3.1918e+01 -3.0195e+01 5.1359e-01 -3.0195e+01
2.3385e+01 2.8245e+01 -3.2070e+01 -2.9327e+01 -7.4126e-01 -2.9327e+01
2.3264e+01 2.8001e+01 -3.1888e+01 -2.9701e+01 2.7266e-01 -2.9701e+01
2.6899e+01 2.9398e+01 -3.2041e+01 -2.9748e+01 -3.3441e+00 -2.9748e+01
2.1581e+01 2.8592e+01 -3.2114e+01 -2.9129e+01 -4.8104e-01 -2.9129e+01
2.7471e+01 2.9683e+01 -3.1778e+01 -2.9428e+01 -2.8306e+00 -2.9428e+01
2.7431e+01 2.9832e+01 -3.1717e+01 -2.9352e+01 -3.0924e+00 -2.9352e+01
2.1097e+01 2.9046e+01 -3.2157e+01 -2.8758e+01 -4.8340e-01 -2.8758e+01
2.7725e+01 3.0104e+01 -3.1411e+01 -2.9006e+01 -2.8147e+00 -2.9006e+01
2.5287e+01 2.7025e+01 -3.0120e+01 -2.8141e+01 -1.1912e+00 -2.8141e+01
2.6456e+01 2.8684e+01 -3.0413e+01 -2.8529e+01 -3.7238e+00 -2.8529e+01
2.6702e+01 2.8494e+01 -3.0797e+01 -2.8460e+01 -3.4886e+00 -2.8460e+01
2.2835e+01 2.7429e+01 -3.1103e+01 -2.7787e+01 -9.6672e-01 -2.7787e+01
2.8993e+01 3.0842e+01 -3.0383e+01 -2.8422e+01 -2.2979e+00 -2.8422e+01
2.6601e+01 2.9681e+01 -3.1144e+01 -2.8006e+01 -3.5837e+00 -2.8006e+01
2.8850e+01 3.1350e+01 -2.9947e+01 -2.8021e+01 -2.3006e+00 -2.8021e+01
2.9513e+01 3.1333e+01 -3.0186e+01 -2.7681e+01 -2.3036e+00 -2.7681e+01
2.9364e+01 3.1524e+01 -2.9959e+01 -2.7586e+01 -2.2999e+00 -2.7586e+01
2.9525e+01 3.1735e+01 -2.9876e+01 -2.7528e+01 -2.0532e+00 -2.7528e+01
2.0596e+01 3.0840e+01 -3.1092e+01 -2.6504e+01 -3.2461e+00 -2.6504e+01
2.9871e+01 3.1962e+01 -2.9072e+01 -2.7129e+01 -1.9837e+00 -2.7129e+01
2.9795e+01 3.2096e+01 -2.9387e+01 -2.6936e+01 -1.7892e+00 -2.6936e+01
3.0183e+01 3.2287e+01 -2.9029e+01 -2.6767e+01 -1.7886e+00 -2.6767e+01
3.0463e+01 3.2354e+01 -2.8492e+01 -2.6553e+01 -1.7882e+00 -2.6553e+01
1.7989e+01 3.1645e+01 -3.1492e+01 -2.5002e+01 -2.5713e+00 -2.5002e+01
3.0632e+01 3.2716e+01 -2.8572e+01 -2.6297e+01 -1.5381e+00 -2.6297e+01
3.0743e+01 3.2994e+01 -2.8238e+01 -2.6064e+01 -1.5378e+00 -2.6064e+01
3.1133e+01 3.2968e+01 -2.8126e+01 -2.5858e+01 -1.2776e+00 -2.5858e+01
2.9071e+01 3.2350e+01 -2.9345e+01 -2.5596e+01 -3.1132e+00 -2.5596e+01
1.6191e+01 1.9133e+01 -2.5432e+01 -2.4829e+01 9.3064e+00 -2.4829e+01
1.6174e+01 1.9622e+01 -2.6267e+01 -2.4656e+01 9.1912e+00 -2.4656e+01
2.9104e+01 3.2519e+01 -2.8541e+01 -2.4872e+01 -2.5799e+00 -2.4872e+01
1.6348e+01 1.8893e+01 -2.5764e+01 -2.4428e+01 9.3663e+00 -2.4428e+01
1.6487e+01 1.9612e+01 -2.5997e+01 -2.4360e+01 9.4348e+00 -2.4360e+01
3.0388e+01 3.3108e+01 -2.7931e+01 -2.4463e+01 -2.3144e+00 -2.4463e+01
1.6569e+01 1.9934e+01 -2.6064e+01 -2.4010e+01 9.3658e+00 -2.4010e+01
1.6741e+01 1.9412e+01 -2.6246e+01 -2.3889e+01 9.4438e+00 -2.3889e+01
1.6982e+01 1.9575e+01 -2.6541e+01 -2.3723e+01 9.5409e+00 -2.3723e+01
1.7131e+01 1.9614e+01 -2.6751e+01 -2.3561e+01 9.6255e+00 -2.3561e+01
1.7375e+01 1.9818e+01 -2.7776e+01 -2.3357e+01 9.6916e+00 -2.3357e+01
1.7530e+01 1.9987e+01 -2.7961e+01 -2.3147e+01 9.7948e+00 -2.3147e+01
1.7787e+01 2.0154e+01 -2.7805e+01 -2.3003e+01 9.8948e+00 -2.3003e+01
3.1731e+01 3.4348e+01 -2.6270e+01 -2.2814e+01 -1.0105e+00 -2.2814e+01
1.8184e+01 2.0467e+01 -2.7404e+01 -2.2677e+01 1.0042e+01 -2.2677e+01
1.8389e+01 2.0565e+01 -2.7296e+01 -2.2528e+01 1.0172e+01 -2.2528e+01
1.8595e+01 2.0657e+01 -2.7072e+01 -2.2355e+01 1.0227e+01 -2.2355e+01
2.8685e+01 3.0258e+01 -2.6037e+01 -2.2355e+01 -1.3404e+01 -2.2355e+01
2.8454e+01 3.0349e+01 -2.6081e+01 -2.2378e+01 -1.3570e+01 -2.2378e+01
2.8446e+01 3.0563e+01 -2.5805e+01 -2.2111e+01 -1.3531e+01 -2.2111e+01
2.8410e+01 3.0771e+01 -2.5670e+01 -2.2372e+01 -1.3514e+01 -2.2372e+01
2.8403e+01 3.0839e+01 -2.5571e+01 -2.2299e+01 -1.3656e+01 -2.2299e+01
2.8250e+01 3.0990e+01 -2.5422e+01 -2.1509e+01 -1.3688e+01 -2.1509e+01
2.8253e+01 3.1177e+01 -2.5303e+01 -2.1085e+01 -1.3654e+01 -2.1085e+01
2.8329e+01 3.1156e+01 -2.5306e+01 -2.1359e+01 -1.3691e+01 -2.1359e+01
2.8242e+01 3.1365e+01 -2.5093e+01 -2.1276e+01 -1.3756e+01 -2.1276e+01
2.8452e+01 3.1645e+01 -2.5073e+01 -2.1552e+01 -1.3645e+01 -2.1552e+01
2.8261e+01 3.1549e+01 -2.4897e+01 -2.1067e+01 -1.3642e+01 -2.1067e+01
2.8328e+01 3.1767e+01 -2.4849e+01 -2.1208e+01 -1.3595e+01 -2.1208e+01
2.8195e+01 3.1853e+01 -2.4838e+01 -2.0679e+01 -1.3626e+01 -2.0679e+01
2.8284e+01 3.1979e+01 -2.4584e+01 -2.0273e+01 -1.3693e+01 -2.0273e+01
2.8381e+01 3.2057e+01 -2.4728e+01 -2.0061e+01 -1.3757e+01 -2.0061e+01
2.8449e+01 3.2163e+01 -2.4540e+01 -2.0011e+01 -1.3574e+01 -2.0011e+01
2.8990e+01 3.2180e+01 -2.4200e+01 -2.0363e+01 -1.3384e+01 -2.0363e+01
2.8681e+01 3.2303e+01 -2.4312e+01 -1.9740e+01 -1.3504e+01 -1.9740e+01
2.8939e+01 3.2600e+01 -2.4276e+01 -2.0046e+01 -1.3380e+01 -2.0046e+01
2.8561e+01 3.2475e+01 -2.4304e+01 -1.9582e+01 -1.3493e+01 -1.9582e+01
2.8501e+01 3.2461e+01 -2.4121e+01 -1.9769e+01 -1.3634e+01 -1.9769e+01
2.8663e+01 3.2681e+01 -2.4073e+01 -1.9442e+01 -1.3542e+01 -1.9442e+01
2.8651e+01 3.2740e+01 -2.4002e+01 -1.9638e+01 -1.3620e+01 -1.9638e+01
2.8758e+01 3.2726e+01 -2.3923e+01 -1.9578e+01 -1.3463e+01 -1.9578e+01
2.8543e+01 3.2805e+01 -2.3926e+01 -1.9204e+01 -1.3524e+01 -1.9204e+01
2.8750e+01 3.2864e+01 -2.3714e+01 -1.9391e+01 -1.3416e+01 -1.9391e+01
2.8974e+01 3.2941e+01 -2.3621e+01 -1.8926e+01 -1.3292e+01 -1.8926e+01
2.8806e+01 3.3086e+01 -2.3527e+01 -1.9354e+01 -1.3383e+01 -1.9354e+01
2.9281e+01 3.3269e+01 -2.3368e+01 -1.9052e+01 -1.3232e+01 -1.9052e+01
2.8889e+01 3.3364e+01 -2.3201e+01 -1.7650e+01 -1.3350e+01 -1.7650e+01
2.9681e+01 3.3495e+01 -2.3013e+01 -1.8411e+01 -1.3030e+01 -1.8411e+01
2.9730e+01 3.3682e+01 -2.2877e+01 -1.7456e+01 -1.2985e+01 -1.7456e+01
2.9872e+01 3.3765e+01 -2.2781e+01 -1.6259e+01 -1.2957e+01 -1.6259e+01
2.9863e+01 3.3935e+01 -2.2674e+01 -1.6576e+01 -1.2926e+01 -1.6576e+01
3.0191e+01 3.4061e+01 -2.2381e+01 -1.6271e+01 -1.3043e+01 -1.6271e+01
2.9611e+01 3.4336e+01 -2.2255e+01 -1.5558e+01 -1.3325e+01 -1.5558e+01
2.8803e+01 3.4408e+01 -2.3439e+01 -1.5270e+01 -1.3503e+01 -1.5270e+01
3.0138e+01 3.4612e+01 -2.1845e+01 -1.4822e+01 -1.2758e+01 -1.4822e+01
3.0157e+01 3.3108e+01 -2.6203e+01 -2.3408e+01 -1.2798e+01 -2.3408e+01
3.0141e+01 3.3971e+01 -2.6232e+01 -2.3033e+01 -1.3320e+01 -2.3033e+01
2.9805e+01 3.5056e+01 -2.2517e+01 -1.4199e+01 -1.3079e+01 -1.4199e+01
3.0997e+01 3.3582e+01 -2.5685e+01 -2.2944e+01 -1.2361e+01 -2.2944e+01
3.0576e+01 3.3734e+01 -2.5654e+01 -2.2061e+01 -1.3209e+01 -2.2061e+01
3.0287e+01 3.4009e+01 -2.5636e+01 -2.1411e+01 -1.2713e+01 -2.1411e+01
3.0703e+01 3.4882e+01 -2.5230e+01 -2.1370e+01 -1.2637e+01 -2.1370e+01
3.1128e+01 3.4109e+01 -2.5258e+01 -2.2262e+01 -1.3067e+01 -2.2262e+01
3.1209e+01 3.4499e+01 -2.5132e+01 -2.1748e+01 -1.2856e+01 -2.1748e+01
3.0656e+01 3.4490e+01 -2.4938e+01 -2.1034e+01 -1.2923e+01 -2.1034e+01
3.1911e+01 3.4528e+01 -2.4685e+01 -2.2398e+01 -1.2386e+01 -2.2398e+01
3.2053e+01 3.4516e+01 -2.4445e+01 -2.1669e+01 -1.1970e+01 -2.1669e+01
3.0378e+01 3.6124e+01 -2.4643e+01 -1.2536e+01 -1.3254e+01 -1.2536e+01
2.9187e+01 3.6128e+01 -2.4399e+01 -1.2146e+01 -1.3393e+01 -1.2146e+01
2.9361e+01 3.6260e+01 -2.4255e+01 -1.2077e+01 -1.3407e+01 -1.2077e+01
2.9470e+01 3.6310e+01 -2.4193e+01 -1.1982e+01 -1.3447e+01 -1.1982e+01
3.0761e+01 3.6498e+01 -2.3995e+01 -1.1835e+01 -1.2818e+01 -1.1835e+01
3.0558e+01 3.6616e+01 -2.3937e+01 -1.1637e+01 -1.3347e+01 -1.1637e+01
2.9502e+01 3.6670e+01 -2.3521e+01 -1.1400e+01 -1.3462e+01 -1.1400e+01
2.9668e+01 3.6836e+01 -2.3726e+01 -1.1217e+01 -1.3419e+01 -1.1217e+01
3.3475e+01 3.5807e+01 -2.2998e+01 -2.0623e+01 -1.1217e+01 -2.0623e+01
2.8647e+01 3.2023e+01 -2.5296e+01 -2.0622e+01 -1.4326e+01 -2.0622e+01
2.9024e+01 3.2021e+01 -2.4954e+01 -2.0353e+01 -1.4326e+01 -2.0353e+01
2.8913e+01 3.2360e+01 -2.5242e+01 -2.0365e+01 -1.4200e+01 -2.0365e+01
2.9209e+01 3.2466e+01 -2.4745e+01 -2.0758e+01 -1.4341e+01 -2.0758e+01
2.9782e+01 3.2498e+01 -2.4384e+01 -2.1509e+01 -1.3698e+01 -2.1509e+01
2.9660e+01 3.2813e+01 -2.4241e+01 -1.8987e+01 -1.4074e+01 -1.8987e+01
2.9740e+01 3.3002e+01 -2.4384e+01 -1.9391e+01 -1.4173e+01 -1.9391e+01
2.9338e+01 3.3234e+01 -2.3826e+01 -1.7486e+01 -1.4215e+01 -1.7486e+01
2.8796e+01 3.3385e+01 -2.3964e+01 -1.5865e+01 -1.4108e+01 -1.5865e+01
2.9901e+01 3.3736e+01 -2.3759e+01 -1.7321e+01 -1.4118e+01 -1.7321e+01
2.9073e+01 3.3827e+01 -2.3258e+01 -1.6224e+01 -1.3425e+01 -1.6224e+01
2.9331e+01 3.3814e+01 -2.3232e+01 -1.6131e+01 -1.3732e+01 -1.6131e+01
2.9088e+01 3.4142e+01 -2.2732e+01 -1.4370e+01 -1.3530e+01 -1.4370e+01
2.9245e+01 3.4311e+01 -2.2860e+01 -1.4981e+01 -1.3494e+01 -1.4981e+01
2.8937e+01 3.4581e+01 -2.2427e+01 -1.3761e+01 -1.3369e+01 -1.3761e+01
2.9091e+01 3.4711e+01 -2.2310e+01 -1.3608e+01 -1.3280e+01 -1.3608e+01
2.9118e+01 3.4887e+01 -2.2081e+01 -1.3302e+01 -1.3330e+01 -1.3302e+01
2.9369e+01 3.4927e+01 -2.1961e+01 -1.3137e+01 -1.3541e+01 -1.3137e+01
2.9190e+01 3.5210e+01 -2.1688e+01 -1.2829e+01 -1.3233e+01 -1.2829e+01
2.9267e+01 3.5079e+01 -2.1701e+01 -1.2495e+01 -1.3534e+01 -1.2495e+01
2.9289e+01 3.5512e+01 -2.1205e+01 -1.1392e+01 -1.3362e+01 -1.1392e+01
2.9262e+01 3.5818e+01 -2.1071e+01 -1.0734e+01 -1.3139e+01 -1.0734e+01
2.9467e+01 3.5967e+01 -2.1230e+01 -1.0361e+01 -1.3263e+01 -1.0361e+01
2.9486e+01 3.6031e+01 -2.0559e+01 -1.0066e+01 -1.3230e+01 -1.0066e+01
2.9688e+01 3.6217e+01 -2.0197e+01 -9.6236e+00 -1.3002e+01 -9.6236e+00
2.9506e+01 3.6422e+01 -2.0136e+01 -9.1367e+00 -1.2980e+01 -9.1367e+00
2.9728e+01 3.6538e+01 -1.9742e+01 -9.0363e+00 -1.3106e+01 -9.0363e+00
2.9884e+01 3.6740e+01 -1.9348e+01 -8.5405e+00 -1.3098e+01 -8.5405e+00
3.8466e+01 4.0872e+01 -2.1279e+01 -1.9032e+01 -1.0944e+01 -1.9032e+01
2.9793e+01 3.6959e+01 -1.9134e+01 -7.8959e+00 -1.2846e+01 -7.8959e+00
3.0021e+01 3.7335e+01 -1.8978e+01 -7.6390e+00 -1.2872e+01 -7.6390e+00
2.9896e+01 3.7454e+01 -1.8709e+01 -7.4219e+00 -1.2928e+01 -7.4219e+00
3.7311e+01 3.9385e+01 -2.2194e+01 -1.9695e+01 -1.1900e+01 -1.9695e+01
3.9532e+01 4.1824e+01 -1.9539e+01 -1.6964e+01 -1.0665e+01 -1.6964e+01
3.6446e+01 4.0087e+01 -2.1845e+01 -1.8311e+01 -1.3113e+01 -1.8311e+01
3.6800e+01 3.9710e+01 -2.1252e+01 -1.8051e+01 -1.2541e+01 -1.8051e+01
3.6823e+01 4.0120e+01 -2.1168e+01 -1.7507e+01 -1.2875e+01 -1.7507e+01
3.7386e+01 4.0547e+01 -2.0892e+01 -1.7295e+01 -1.2602e+01 -1.7295e+01
3.7352e+01 4.0716e+01 -2.0621e+01 -1.7155e+01 -1.2623e+01 -1.7155e+01
3.7403e+01 4.1555e+01 -2.0139e+01 -1.6483e+01 -1.2365e+01 -1.6483e+01
3.7426e+01 4.1682e+01 -1.9764e+01 -1.6169e+01 -1.2625e+01 -1.6169e+01
3.7842e+01 4.1127e+01 -1.9368e+01 -1.5746e+01 -1.2357e+01 -1.5746e+01
3.8032e+01 4.3694e+01 -1.9067e+01 -1.2775e+01 -1.2365e+01 -1.2775e+01
3.8054e+01 4.1819e+01 -1.8913e+01 -1.5025e+01 -1.2361e+01 -1.5025e+01
3.8328e+01 4.2067e+01 -1.8651e+01 -1.4860e+01 -1.2354e+01 -1.4860e+01
3.8359e+01 4.2237e+01 -1.8007e+01 -1.4609e+01 -1.2139e+01 -1.4609e+01
3.8528e+01 4.1924e+01 -1.7867e+01 -1.4305e+01 -1.2122e+01 -1.4305e+01
3.8485e+01 4.1974e+01 -1.7627e+01 -1.3765e+01 -1.2307e+01 -1.3765e+01
3.8892e+01 4.3963e+01 -1.7282e+01 -1.1292e+01 -1.2090e+01 -1.1292e+01
3.9128e+01 4.2997e+01 -1.7237e+01 -1.2756e+01 -1.1887e+01 -1.2756e+01
3.8941e+01 4.3130e+01 -1.6474e+01 -1.2500e+01 -1.2071e+01 -1.2500e+01
3.9097e+01 4.2827e+01 -1.6210e+01 -1.2416e+01 -1.1847e+01 -1.2416e+01
3.9411e+01 4.3414e+01 -1.5863e+01 -1.1554e+01 -1.1855e+01 -1.1554e+01
3.9510e+01 4.3523e+01 -1.5530e+01 -1.1172e+01 -1.1629e+01 -1.1172e+01
3.9588e+01 4.3249e+01 -1.5084e+01 -1.1307e+01 -1.1620e+01 -1.1307e+01
3.9825e+01 4.4964e+01 -1.4701e+01 -7.7027e+00 -1.1596e+01 -7.7027e+00
-8.0226e+00 1.1996e+00 -2.4187e+00 3.6964e+00 -2.8609e+00 3.6964e+00
3.9865e+01 4.3776e+01 -1.3962e+01 -9.9768e+00 -1.1570e+01 -9.9768e+00
3.9979e+01 4.4010e+01 -1.3548e+01 -9.2833e+00 -1.1330e+01 -9.2833e+00
-8.0798e+00 1.1758e+00 -2.4001e+00 3.7123e+00 -2.9055e+00 3.7123e+00
-8.0521e+00 1.1883e+00 -2.3871e+00 3.6929e+00 -2.8427e+00 3.6929e+00
-7.9902e+00 1.1660e+00 -2.3990e+00 3.7183e+00 -2.8581e+00 3.7183e+00
-8.0316e+00 1.1613e+00 -2.4061e+00 3.6770e+00 -2.8653e+00 3.6770e+00
-8.0934e+00 1.1721e+00 -2.3813e+00 3.6875e+00 -2.8451e+00 3.6875e+00
-7.9587e+00 1.1548e+00 -2.4062e+00 3.6804e+00 -2.8578e+00 3.6804e+00
-7.9751e+00 1.2012e+00 -2.4053e+00 3.6406e+00 -2.8509e+00 3.6406e+00
-8.0600e+00 1.1480e+00 -2.3660e+00 3.6765e+00 -2.8605e+00 3.6765e+00
-7.9988e+00 1.1622e+00 -2.4203e+00 3.7199e+00 -2.8441e+00 3.7199e+00
-8.0314e+00 1.1746e+00 -2.3464e+00 3.7105e+00 -2.8201e+00 3.7105e+00
-7.9924e+00 1.1876e+00 -2.3409e+00 3.6996e+00 -2.8311e+00 3.6996e+00
-8.0215e+00 1.1682e+00 -2.4172e+00 3.7176e+00 -2.8701e+00 3.7176e+00
-7.9648e+00 1.1765e+00 -2.3737e+00 3.7431e+00 -2.8252e+00 3.7431e+00
-7.9424e+00 1.1553e+00 -2.3660e+00 3.7150e+00 -2.8547e+00 3.7150e+00
-7.9930e+00 1.1751e+00 -2.4230e+00 3.6988e+00 -2.8485e+00 3.6988e+00
-7.9972e+00 1.1415e+00 -2.4202e+00 3.7043e+00 -2.8377e+00 3.7043e+00
-7.9296e+00 1.2110e+00 -2.3659e+00 3.7152e+00 -2.8328e+00 3.7152e+00
-7.9882e+00 1.1618e+00 -2.3790e+00 3.7086e+00 -2.8304e+00 3.7086e+00
-7.9891e+00 1.2210e+00 -2.3579e+00 3.6856e+00 -2.8882e+00 3.6856e+00
-7.9504e+00 1.1423e+00 -2.3514e+00 3.6821e+00 -2.8242e+00 3.6821e+00
-7.9972e+00 1.1556e+00 -2.3623e+00 3.7156e+00 -2.8680e+00 3.7156e+00
-8.0363e+00 1.1974e+00 -2.3645e+00 3.7005e+00 -2.8407e+00 3.7005e+00
-7.9488e+00 1.1686e+00 -2.4103e+00 3.6498e+00 -2.8417e+00 3.6498e+00
-8.1008e+00 1.1600e+00 -2.4198e+00 3.7062e+00 -2.8722e+00 3.7062e+00
-7.9657e+00 1.1674e+00 -2.3928e+00 3.7126e+00 -2.8413e+00 3.7126e+00
-8.0095e+00 1.1957e+00 -2.3384e+00 3.7023e+00 -2.8427e+00 3.7023e+00
-8.0409e+00 1.1499e+00 -2.3624e+00 3.6611e+00 -2.8523e+00 3.6611e+00
-8.0408e+00 1.1664e+00 -2.4110e+00 3.7220e+00 -2.8187e+00 3.7220e+00
-7.9329e+00 1.1914e+00 -2.3667e+00 3.7228e+00 -2.8533e+00 3.7228e+00
-7.9930e+00 1.2012e+00 -2.3830e+00 3.7551e+00 -2.8444e+00 3.7551e+00
-8.0553e+00 1.1682e+00 -2.4345e+00 3.6925e+00 -2.8355e+00 3.6925e+00
-8.0641e+00 1.1556e+00 -2.3707e+00 3.8587e+00 -2.8551e+00 3.8587e+00
-8.1020e+00 1.1577e+00 -2.3813e+00 3.6755e+00 -2.8444e+00 3.6755e+00
-8.0163e+00 1.1699e+00 -2.3855e+00 3.6698e+00 -2.8425e+00 3.6698e+00
-8.0589e+00 1.1686e+00 -2.3910e+00 2.6196e+00 -2.8533e+00 2.6196e+00
-7.9652e+00 1.2016e+00 -2.4126e+00 3.6856e+00 -2.9469e+00 3.6856e+00
-7.9949e+00 1.1713e+00 -2.3732e+00 3.7385e+00 -2.8444e+00 3.7385e+00
-7.9838e+00 1.1800e+00 -2.3649e+00 3.7168e+00 -2.8516e+00 3.7168e+00
-7.9296e+00 1.1680e+00 -2.3609e+00 3.6549e+00 -2.8365e+00 3.6549e+00
-8.0133e+00 1.1947e+00 -2.3817e+00 3.7060e+00 -2.8372e+00 3.7060e+00
-7.9820e+00 1.1425e+00 -2.3695e+00 3.7334e+00 -2.8712e+00 3.7334e+00
-7.9353e+00 1.1361e+00 -2.3856e+00 3.6861e+00 -2.8448e+00 3.6861e+00
-7.9801e+00 1.1837e+00 -2.3656e+00 3.6803e+00 -2.8516e+00 3.6803e+00
-7.9693e+00 1.1881e+00 -2.3624e+00 3.6765e+00 -2.9282e+00 3.6765e+00
-7.9581e+00 1.1718e+00 -2.3558e+00 3.6835e+00 -2.8395e+00 3.6835e+00
-8.0161e+00 1.1708e+00 -2.3605e+00 3.6916e+00 -2.8520e+00 3.6916e+00
-7.9525e+00 1.1630e+00 -2.3978e+00 3.6927e+00 -2.8455e+00 3.6927e+00
-7.9313e+00 1.1734e+00 -2.3462e+00 3.7189e+00 -2.8348e+00 3.7189e+00
-7.9729e+00 1.1946e+00 -2.3779e+00 3.7306e+00 -2.8389e+00 3.7306e+00
-8.0294e+00 1.1701e+00 -2.4073e+00 3.7261e+00 -2.8477e+00 3.7261e+00
-7.9313e+00 1.2195e+00 -2.3955e+00 3.6742e+00 -2.8331e+00 3.6742e+00
-7.9651e+00 1.1685e+00 -2.3945e+00 3.6532e+00 -2.8650e+00 3.6532e+00
-7.9407e+00 1.1620e+00 -2.3655e+00 3.7255e+00 -2.8465e+00 3.7255e+00
-7.9788e+00 1.1619e+00 -2.3252e+00 3.7285e+00 -2.8564e+00 3.7285e+00
-7.9711e+00 1.1939e+00 -2.3907e+00 3.6915e+00 -2.8225e+00 3.6915e+00
-7.9343e+00 1.1660e+00 -2.3873e+00 3.6742e+00 -2.8489e+00 3.6742e+00
-7.9364e+00 1.2173e+00 -2.3987e+00 3.6904e+00 -2.8434e+00 3.6904e+00
-7.9597e+00 1.2199e+00 -2.3651e+00 3.7531e+00 -2.8372e+00 3.7531e+00
-7.9561e+00 1.1602e+00 -2.3807e+00 3.6704e+00 -2.8561e+00 3.6704e+00
-7.9854e+00 1.1655e+00 -2.4134e+00 3.7976e+00 -2.8434e+00 3.7976e+00
-7.9717e+00 1.1511e+00 -2.4517e+00 3.7227e+00 -2.8424e+00 3.7227e+00
-7.9807e+00 1.1947e+00 -2.3840e+00 3.6926e+00 -2.8482e+00 3.6926e+00
-7.9955e+00 1.1859e+00 -2.4230e+00 3.7083e+00 -2.8712e+00 3.7083e+00
-8.0061e+00 1.1602e+00 -2.3461e+00 3.7255e+00 -2.8588e+00 3.7255e+00
-7.9341e+00 1.1684e+00 -2.4244e+00 3.7191e+00 -2.8537e+00 3.7191e+00
-8.0573e+00 1.1747e+00 -2.3860e+00 3.6668e+00 -2.8588e+00 3.6668e+00
-7.9408e+00 1.1627e+00 -2.3606e+00 3.7200e+00 -2.8557e+00 3.7200e+00
-8.0002e+00 1.1910e+00 -2.3575e+00 3.7133e+00 -2.8540e+00 3.7133e+00
-7.9604e+00 1.1690e+00 -2.3834e+00 3.7413e+00 -2.8424e+00 3.7413e+00
-8.0471e+00 1.1747e+00 -2.3853e+00 3.7034e+00 -2.8331e+00 3.7034e+00
-7.9547e+00 1.1713e+00 -2.3575e+00 3.7029e+00 -2.8612e+00 3.7029e+00
-7.9637e+00 1.1744e+00 -2.3556e+00 3.7231e+00 -2.8599e+00 3.7231e+00
-8.0794e+00 1.1855e+00 -2.3659e+00 3.6878e+00 -2.8556e+00 3.6878e+00
-7.9575e+00 1.1656e+00 -2.3517e+00 3.6653e+00 -2.8489e+00 3.6653e+00
-7.9364e+00 1.1997e+00 -2.3746e+00 3.6825e+00 -2.8482e+00 3.6825e+00
-7.9866e+00 1.1559e+00 -2.4039e+00 3.7371e+00 -2.8729e+00 3.7371e+00
-7.9364e+00 1.1604e+00 -2.3599e+00 3.7070e+00 -2.8030e+00 3.7070e+00
-7.9694e+00 1.1714e+00 -2.3849e+00 3.6561e+00 -2.8427e+00 3.6561e+00
-7.8860e+00 1.1933e+00 -2.3952e+00 3.7782e+00 -2.8326e+00 3.7782e+00
-7.9693e+00 1.1933e+00 -2.3656e+00 3.7053e+00 -2.8290e+00 3.7053e+00
-7.9737e+00 1.1716e+00 -2.4427e+00 3.6891e+00 -2.9139e+00 3.6891e+00
-7.9466e+00 1.1705e+00 -2.3771e+00 3.7050e+00 -2.8472e+00 3.7050e+00
-7.9973e+00 1.1763e+00 -2.3824e+00 3.7348e+00 -2.8667e+00 3.7348e+00
-8.0222e+00 1.1954e+00 -2.3603e+00 3.7186e+00 -2.8647e+00 3.7186e+00
-7.9477e+00 1.1972e+00 -2.3630e+00 3.7687e+00 -2.8554e+00 3.7687e+00
-7.9736e+00 1.1653e+00 -2.3928e+00 3.6531e+00 -2.8527e+00 3.6531e+00
-7.9635e+00 1.1711e+00 -2.3714e+00 3.6746e+00 -2.8573e+00 3.6746e+00
-7.9797e+00 1.1715e+00 -2.3672e+00 3.8020e+00 -2.8527e+00 3.8020e+00
-7.9534e+00 1.1824e+00 -2.4328e+00 3.7100e+00 -2.8383e+00 3.7100e+00
-7.9357e+00 1.1891e+00 -2.3896e+00 3.7258e+00 -2.8482e+00 3.7258e+00
-7.9120e+00 1.1736e+00 -2.3457e+00 3.6992e+00 -2.8451e+00 3.6992e+00
-7.9792e+00 1.1824e+00 -2.3585e+00 3.7249e+00 -2.8547e+00 3.7249e+00
-7.9529e+00 1.2212e+00 -2.3946e+00 3.7148e+00 -2.8389e+00 3.7148e+00
-7.9520e+00 1.1722e+00 -2.4073e+00 3.7178e+00 -2.8365e+00 3.7178e+00
-8.0302e+00 1.1666e+00 -2.3738e+00 2.6726e+00 -2.8477e+00 2.6726e+00
-7.9553e+00 1.1517e+00 -2.3971e+00 3.6886e+00 -2.8335e+00 3.6886e+00
-7.9447e+00 1.1615e+00 -2.3726e+00 3.7549e+00 -2.8542e+00 3.7549e+00
-7.9572e+00 1.1751e+00 -2.3710e+00 3.7138e+00 -2.8263e+00 3.7138e+00
-7.9552e+00 1.1572e+00 -2.4286e+00 3.7014e+00 -2.8434e+00 3.7014e+00
-8.0058e+00 1.1410e+00 -2.3534e+00 3.6862e+00 -2.8801e+00 3.6862e+00
-7.9712e+00 1.2047e+00 -2.3687e+00 3.7336e+00 -2.8424e+00 3.7336e+00
-7.9407e+00 1.1684e+00 -2.3688e+00 3.7202e+00 -2.8252e+00 3.7202e+00
-8.0566e+00 1.1763e+00 -2.3938e+00 3.6962e+00 -2.9090e+00 3.6962e+00
-8.0023e+00 1.1694e+00 -2.5998e+00 3.7311e+00 -2.8364e+00 3.7311e+00
0.0000e+00 0.0000e+00 0.0000e+00 0.0000e+00 0.0000e+00 0.0000e+00
0.0000e+00 0.0000e+00 0.0000e+00 0.0000e+00 0.0000e+00 0.0000e+00
0.0000e+00 0.0000e+00 0.0000e+00 0.0000e+00 0.0000e+00 0.0000e+00
0.0000e+00 0.0000e+00 0.0000e+00 0.0000e+00 0.0000e+00 0.0000e+00
0.0000e+00 0.0000e+00 0.0000e+00 0.0000e+00 0.0000e+00 0.0000e+00
0.0000e+00 0.0000e+00 0.0000e+00 0.0000e+00 0.0000e+00 0.0000e+00
0.0000e+00 0.0000e+00 0.0000e+00 0.0000e+00 0.0000e+00 0.0000e+00
0.0000e+00 0.0000e+00 0.0000e+00 0.0000e+00 0.0000e+00 0.0000e+00
0.0000e+00 0.0000e+00 0.0000e+00 0.0000e+00 0.0000e+00 0.0000e+00
0.0000e+00 0.0000e+00 0.0000e+00 0.0000e+00 0.0000e+00 0.0000e+00
0.0000e+00 0.0000e+00 0.0000e+00 0.0000e+00 0.0000e+00 0.0000e+00
0.0000e+00 0.0000e+00 0.0000e+00 0.0000e+00 0.0000e+00 0.0000e+00
0.0000e+00 0.0000e+00 0.0000e+00 0.0000e+00 0.0000e+00 0.0000e+00
0.0000e+00 0.0000e+00 0.0000e+00 0.0000e+00 0.0000e+00 0.0000e+00
0.0000e+00 0.0000e+00 0.0000e+00 0.0000e+00 0.0000e+00 0.0000e+00
0.0000e+00 0.0000e+00 0.0000e+00 0.0000e+00 0.0000e+00 0.0000e+00
0.0000e+00 0.0000e+00 0.0000e+00 0.0000e+00 0.0000e+00 0.0000e+00
0.0000e+00 0.0000e+00 0.0000e+00 0.0000e+00 0.0000e+00 0.0000e+00
0.0000e+00 0.0000e+00 0.0000e+00 0.0000e+00 0.0000e+00 0.0000e+00
0.0000e+00 0.0000e+00 0.0000e+00 0.0000e+00 0.0000e+00 0.0000e+00
0.0000e+00 0.0000e+00 0.0000e+00 0.0000e+00 0.0000e+00 0.0000e+00
0.0000e+00 0.0000e+00 0.0000e+00 0.0000e+00 0.0000e+00 0.0000e+00
0.0000e+00 0.0000e+00 0.0000e+00 0.0000e+00 0.0000e+00 0.0000e+00
0.0000e+00 0.0000e+00 0.0000e+00 0.0000e+00 0.0000e+00 0.0000e+00
0.0000e+00 0.0000e+00 0.0000e+00 0.0000e+00 0.0000e+00 0.0000e+00
0.0000e+00 0.0000e+00 0.0000e+00 0.0000e+00 0.0000e+00 0.0000e+00
0.0000e+00 0.0000e+00 0.0000e+00 0.0000e+00 0.0000e+00 0.0000e+00
0.0000e+00 0.0000e+00 0.0000e+00 0.0000e+00 0.0000e+00 0.0000e+00
0.0000e+00 0.0000e+00 0.0000e+00 0.0000e+00 0.0000e+00 0.0000e+00
0.0000e+00 0.0000e+00 0.0000e+00 0.0000e+00 0.0000e+00 0.0000e+00
0.0000e+00 0.0000e+00 0.0000e+00 0.0000e+00 0.0000e+00 0.0000e+00
0.0000e+00 0.0000e+00 0.0000e+00 0.0000e+00 0.0000e+00 0.0000e+00
0.0000e+00 0.0000e+00 0.0000e+00 0.0000e+00 0.0000e+00 0.0000e+00
0.0000e+00 0.0000e+00 0.0000e+00 0.0000e+00 0.0000e+00 0.0000e+00
0.0000e+00 0.0000e+00 0.0000e+00 0.0000e+00 0.0000e+00 0.0000e+00
0.0000e+00 0.0000e+00 0.0000e+00 0.0000e+00 0.0000e+00 0.0000e+00
0.0000e+00 0.0000e+00 0.0000e+00 0.0000e+00 0.0000e+00 0.0000e+00
0.0000e+00 0.0000e+00 0.0000e+00 0.0000e+00 0.0000e+00 0.0000e+00
0.0000e+00 0.0000e+00 0.0000e+00 0.0000e+00 0.0000e+00 0.0000e+00
0.0000e+00 0.0000e+00 0.0000e+00 0.0000e+00 0.0000e+00 0.0000e+00
0.0000e+00 0.0000e+00 0.0000e+00 0.0000e+00 0.0000e+00 0.0000e+00
0.0000e+00 0.0000e+00 0.0000e+00 0.0000e+00 0.0000e+00 0.0000e+00
0.0000e+00 0.0000e+00 0.0000e+00 0.0000e+00 0.0000e+00 0.0000e+00
0.0000e+00 0.0000e+00 0.0000e+00 0.0000e+00 0.0000e+00 0.0000e+00
0.0000e+00 0.0000e+00 0.0000e+00 0.0000e+00 0.0000e+00 0.0000e+00
0.0000e+00 0.0000e+00 0.0000e+00 0.0000e+00 0.0000e+00 0.0000e+00
0.0000e+00 0.0000e+00 0.0000e+00 0.0000e+00 0.0000e+00 0.0000e+00
0.0000e+00 0.0000e+00 0.0000e+00 0.0000e+00 0.0000e+00 0.0000e+00
0.0000e+00 0.0000e+00 0.0000e+00 0.0000e+00 0.0000e+00 0.0000e+00
0.0000e+00 0.0000e+00 0.0000e+00 0.0000e+00 0.0000e+00 0.0000e+00
0.0000e+00 0.0000e+00 0.0000e+00 0.0000e+00 0.0000e+00 0.0000e+00
0.0000e+00 0.0000e+00 0.0000e+00 0.0000e+00 0.0000e+00 0.0000e+00
0.0000e+00 0.0000e+00 0.0000e+00 0.0000e+00 0.0000e+00 0.0000e+00
0.0000e+00 0.0000e+00 0.0000e+00 0.0000e+00 0.0000e+00 0.0000e+00
0.0000e+00 0.0000e+00 0.0000e+00 0.0000e+00 0.0000e+00 0.0000e+00
0.0000e+00 0.0000e+00 0.0000e+00 0.0000e+00 0.0000e+00 0.0000e+00
0.0000e+00 0.0000e+00 0.0000e+00 0.0000e+00 0.0000e+00 0.0000e+00
0.0000e+00 0.0000e+00 0.0000e+00 0.0000e+00 0.0000e+00 0.0000e+00
0.0000e+00 0.0000e+00 0.0000e+00 0.0000e+00 0.0000e+00 0.0000e+00
0.0000e+00 0.0000e+00 0.0000e+00 0.0000e+00 0.0000e+00 0.0000e+00
0.0000e+00 0.0000e+00 0.0000e+00 0.0000e+00 0.0000e+00 0.0000e+00
0.0000e+00 0.0000e+00 0.0000e+00 0.0000e+00 0.0000e+00 0.0000e+00
0.0000e+00 0.0000e+00 0.0000e+00 0.0000e+00 0.0000e+00 0.0000e+00
0.0000e+00 0.0000e+00 0.0000e+00 0.0000e+00 0.0000e+00 0.0000e+00
0.0000e+00 0.0000e+00 0.0000e+00 0.0000e+00 0.0000e+00 0.0000e+00
0.0000e+00 0.0000e+00 0.0000e+00 0.0000e+00 0.0000e+00 0.0000e+00
0.0000e+00 0.0000e+00 0.0000e+00 0.0000e+00 0.0000e+00 0.0000e+00
0.0000e+00 0.0000e+00 0.0000e+00 0.0000e+00 0.0000e+00 0.0000e+00
0.0000e+00 0.0000e+00 0.0000e+00 0.0000e+00 0.0000e+00 0.0000e+00
0.0000e+00 0.0000e+00 0.0000e+00 0.0000e+00 0.0000e+00 0.0000e+00
0.0000e+00 0.0000e+00 0.0000e+00 0.0000e+00 0.0000e+00 0.0000e+00
0.0000e+00 0.0000e+00 0.0000e+00 0.0000e+00 0.0000e+00 0.0000e+00
0.0000e+00 0.0000e+00 0.0000e+00 0.0000e+00 0.0000e+00 0.0000e+00
0.0000e+00 0.0000e+00 0.0000e+00 0.0000e+00 0.0000e+00 0.0000e+00
0.0000e+00 0.0000e+00 0.0000e+00 0.0000e+00 0.0000e+00 0.0000e+00
0.0000e+00 0.0000e+00 0.0000e+00 0.0000e+00 0.0000e+00 0.0000e+00
0.0000e+00 0.0000e+00 0.0000e+00 0.0000e+00 0.0000e+00 0.0000e+00
0.0000e+00 0.0000e+00 0.0000e+00 0.0000e+00 0.0000e+00 0.0000e+00
0.0000e+00 0.0000e+00 0.0000e+00 0.0000e+00 0.0000e+00 0.0000e+00
0.0000e+00 0.0000e+00 0.0000e+00 0.0000e+00 0.0000e+00 0.0000e+00
0.0000e+00 0.0000e+00 0.0000e+00 0.0000e+00 0.0000e+00 0.0000e+00
0.0000e+00 0.0000e+00 0.0000e+00 0.0000e+00 0.0000e+00 0.0000e+00
0.0000e+00 0.0000e+00 0.0000e+00 0.0000e+00 0.0000e+00 0.0000e+00
0.0000e+00 0.0000e+00 0.0000e+00 0.0000e+00 0.0000e+00 0.0000e+00
0.0000e+00 0.0000e+00 0.0000e+00 0.0000e+00 0.0000e+00 0.0000e+00
0.0000e+00 0.0000e+00 0.0000e+00 0.0000e+00 0.0000e+00 0.0000e+00
0.0000e+00 0.0000e+00 0.0000e+00 0.0000e+00 0.0000e+00 0.0000e+00
0.0000e+00 0.0000e+00 0.0000e+00 0.0000e+00 0.0000e+00 0.0000e+00
0.0000e+00 0.0000e+00 0.0000e+00 0.0000e+00 0.0000e+00 0.0000e+00
0.0000e+00 0.0000e+00 0.0000e+00 0.0000e+00 0.0000e+00 0.0000e+00
0.0000e+00 0.0000e+00 0.0000e+00 0.0000e+00 0.0000e+00 0.0000e+00
0.0000e+00 0.0000e+00 0.0000e+00 0.0000e+00 0.0000e+00 0.0000e+00
0.0000e+00 0.0000e+00 0.0000e+00 0.0000e+00 0.0000e+00 0.0000e+00
0.0000e+00 0.0000e+00 0.0000e+00 0.0000e+00 0.0000e+00 0.0000e+00
0.0000e+00 0.0000e+00 0.0000e+00 0.0000e+00 0.0000e+00 0.0000e+00
0.0000e+00 0.0000e+00 0.0000e+00 0.0000e+00 0.0000e+00 0.0000e+00
0.0000e+00 0.0000e+00 0.0000e+00 0.0000e+00 0.0000e+00 0.0000e+00
0.0000e+00 0.0000e+00 0.0000e+00 0.0000e+00 0.0000e+00 0.0000e+00
0.0000e+00 0.0000e+00 0.0000e+00 0.0000e+00 0.0000e+00 0.0000e+00
0.0000e+00 0.0000e+00 0.0000e+00 0.0000e+00 0.0000e+00 0.0000e+00
0.0000e+00 0.0000e+00 0.0000e+00 0.0000e+00 0.0000e+00 0.0000e+00
0.0000e+00 0.0000e+00 0.0000e+00 0.0000e+00 0.0000e+00 0.0000e+00
0.0000e+00 0.0000e+00 0.0000e+00 0.0000e+00 0.0000e+00 0.0000e+00
0.0000e+00 0.0000e+00 0.0000e+00 0.0000e+00 0.0000e+00 0.0000e+00
0.0000e+00 0.0000e+00 0.0000e+00 0.0000e+00 0.0000e+00 0.0000e+00
0.0000e+00 0.0000e+00 0.0000e+00 0.0000e+00 0.0000e+00 0.0000e+00
0.0000e+00 0.0000e+00 0.0000e+00 0.0000e+00 0.0000e+00 0.0000e+00
0.0000e+00 0.0000e+00 0.0000e+00 0.0000e+00 0.0000e+00 0.0000e+00
0.0000e+00 0.0000e+00 0.0000e+00 0.0000e+00 0.0000e+00 0.0000e+00
0.0000e+00 0.0000e+00 0.0000e+00 0.0000e+00 0.0000e+00 0.0000e+00
0.0000e+00 0.0000e+00 0.0000e+00 0.0000e+00 0.0000e+00 0.0000e+00
0.0000e+00 0.0000e+00 0.0000e+00 0.0000e+00 0.0000e+00 0.0000e+00
0.0000e+00 0.0000e+00 0.0000e+00 0.0000e+00 0.0000e+00 0.0000e+00
0.0000e+00 0.0000e+00 0.0000e+00 0.0000e+00 0.0000e+00 0.0000e+00
0.0000e+00 0.0000e+00 0.0000e+00 0.0000e+00 0.0000e+00 0.0000e+00
0.0000e+00 0.0000e+00 0.0000e+00 0.0000e+00 0.0000e+00 0.0000e+00
0.0000e+00 0.0000e+00 0.0000e+00 0.0000e+00 0.0000e+00 0.0000e+00
0.0000e+00 0.0000e+00 0.0000e+00 0.0000e+00 0.0000e+00 0.0000e+00
0.0000e+00 0.0000e+00 0.0000e+00 0.0000e+00 0.0000e+00 0.0000e+00
0.0000e+00 0.0000e+00 0.0000e+00 0.0000e+00 0.0000e+00 0.0000e+00
0.0000e+00 0.0000e+00 0.0000e+00 0.0000e+00 0.0000e+00 0.0000e+00
0.0000e+00 0.0000e+00 0.0000e+00 0.0000e+00 0.0000e+00 0.0000e+00
0.0000e+00 0.0000e+00 0.0000e+00 0.0000e+00 0.0000e+00 0.0000e+00
0.0000e+00 0.0000e+00 0.0000e+00 0.0000e+00 0.0000e+00 0.0000e+00
0.0000e+00 0.0000e+00 0.0000e+00 0.0000e+00 0.0000e+00 0.0000e+00
0.0000e+00 0.0000e+00 0.0000e+00 0.0000e+00 0.0000e+00 0.0000e+00
0.0000e+00 0.0000e+00 0.0000e+00 0.0000e+00 0.0000e+00 0.0000e+00
0.0000e+00 0.0000e+00 0.0000e+00 0.0000e+00 0.0000e+00 0.0000e+00
0.0000e+00 0.0000e+00 0.0000e+00 0.0000e+00 0.0000e+00 0.0000e+00
0.0000e+00 0.0000e+00 0.0000e+00 0.0000e+00 0.0000e+00 0.0000e+00
0.0000e+00 0.0000e+00 0.0000e+00 0.0000e+00 0.0000e+00 0.0000e+00
0.0000e+00 0.0000e+00 0.0000e+00 0.0000e+00 0.0000e+00 0.0000e+00
0.0000e+00 0.0000e+00 0.0000e+00 0.0000e+00 0.0000e+00 0.0000e+00
0.0000e+00 0.0000e+00 0.0000e+00 0.0000e+00 0.0000e+00 0.0000e+00
0.0000e+00 0.0000e+00 0.0000e+00 0.0000e+00 0.0000e+00 0.0000e+00
0.0000e+00 0.0000e+00 0.0000e+00 0.0000e+00 0.0000e+00 0.0000e+00
0.0000e+00 0.0000e+00 0.0000e+00 0.0000e+00 0.0000e+00 0.0000e+00
0.0000e+00 0.0000e+00 0.0000e+00 0.0000e+00 0.0000e+00 0.0000e+00
0.0000e+00 0.0000e+00 0.0000e+00 0.0000e+00 0.0000e+00 0.0000e+00
0.0000e+00 0.0000e+00 0.0000e+00 0.0000e+00 0.0000e+00 0.0000e+00
0.0000e+00 0.0000e+00 0.0000e+00 0.0000e+00 0.0000e+00 0.0000e+00
0.0000e+00 0.0000e+00 0.0000e+00 0.0000e+00 0.0000e+00 0.0000e+00
0.0000e+00 0.0000e+00 0.0000e+00 0.0000e+00 0.0000e+00 0.0000e+00
0.0000e+00 0.0000e+00 0.0000e+00 0.0000e+00 0.0000e+00 0.0000e+00
0.0000e+00 0.0000e+00 0.0000e+00 0.0000e+00 0.0000e+00 0.0000e+00
0.0000e+00 0.0000e+00 0.0000e+00 0.0000e+00 0.0000e+00 0.0000e+00
0.0000e+00 0.0000e+00 0.0000e+00 0.0000e+00 0.0000e+00 0.0000e+00
0.0000e+00 0.0000e+00 0.0000e+00 0.0000e+00 0.0000e+00 0.0000e+00
0.0000e+00 0.0000e+00 0.0000e+00 0.0000e+00 0.0000e+00 0.0000e+00
0.0000e+00 0.0000e+00 0.0000e+00 0.0000e+00 0.0000e+00 0.0000e+00
0.0000e+00 0.0000e+00 0.0000e+00 0.0000e+00 0.0000e+00 0.0000e+00
0.0000e+00 0.0000e+00 0.0000e+00 0.0000e+00 0.0000e+00 0.0000e+00
0.0000e+00 0.0000e+00 0.0000e+00 0.0000e+00 0.0000e+00 0.0000e+00
0.0000e+00 0.0000e+00 0.0000e+00 0.0000e+00 0.0000e+00 0.0000e+00
0.0000e+00 0.0000e+00 0.0000e+00 0.0000e+00 0.0000e+00 0.0000e+00
0.0000e+00 0.0000e+00 0.0000e+00 0.0000e+00 0.0000e+00 0.0000e+00
0.0000e+00 0.0000e+00 0.0000e+00 0.0000e+00 0.0000e+00 0.0000e+00
0.0000e+00 0.0000e+00 0.0000e+00 0.0000e+00 0.0000e+00 0.0000e+00
0.0000e+00 0.0000e+00 0.0000e+00 0.0000e+00 0.0000e+00 0.0000e+00
0.0000e+00 0.0000e+00 0.0000e+00 0.0000e+00 0.0000e+00 0.0000e+00
0.0000e+00 0.0000e+00 0.0000e+00 0.0000e+00 0.0000e+00 0.0000e+00
0.0000e+00 0.0000e+00 0.0000e+00 0.0000e+00 0.0000e+00 0.0000e+00
0.0000e+00 0.0000e+00 0.0000e+00 0.0000e+00 0.0000e+00 0.0000e+00
0.0000e+00 0.0000e+00 0.0000e+00 0.0000e+00 0.0000e+00 0.0000e+00
0.0000e+00 0.0000e+00 0.0000e+00 0.0000e+00 0.0000e+00 0.0000e+00
0.0000e+00 0.0000e+00 0.0000e+00 0.0000e+00 0.0000e+00 0.0000e+00
0.0000e+00 0.0000e+00 0.0000e+00 0.0000e+00 0.0000e+00 0.0000e+00
0.0000e+00 0.0000e+00 0.0000e+00 0.0000e+00 0.0000e+00 0.0000e+00
0.0000e+00 0.0000e+00 0.0000e+00 0.0000e+00 0.0000e+00 0.0000e+00
0.0000e+00 0.0000e+00 0.0000e+00 0.0000e+00 0.0000e+00 0.0000e+00
0.0000e+00 0.0000e+00 0.0000e+00 0.0000e+00 0.0000e+00 0.0000e+00
0.0000e+00 0.0000e+00 0.0000e+00 0.0000e+00 0.0000e+00 0.0000e+00
0.0000e+00 0.0000e+00 0.0000e+00 0.0000e+00 0.0000e+00 0.0000e+00
0.0000e+00 0.0000e+00 0.0000e+00 0.0000e+00 0.0000e+00 0.0000e+00
0.0000e+00 0.0000e+00 0.0000e+00 0.0000e+00 0.0000e+00 0.0000e+00
0.0000e+00 0.0000e+00 0.0000e+00 0.0000e+00 0.0000e+00 0.0000e+00
0.0000e+00 0.0000e+00 0.0000e+00 0.0000e+00 0.0000e+00 0.0000e+00
0.0000e+00 0.0000e+00 0.0000e+00 0.0000e+00 0.0000e+00 0.0000e+00
0.0000e+00 0.0000e+00 0.0000e+00 0.0000e+00 0.0000e+00 0.0000e+00
0.0000e+00 0.0000e+00 0.0000e+00 0.0000e+00 0.0000e+00 0.0000e+00
0.0000e+00 0.0000e+00 0.0000e+00 0.0000e+00 0.0000e+00 0.0000e+00
0.0000e+00 0.0000e+00 0.0000e+00 0.0000e+00 0.0000e+00 0.0000e+00
0.0000e+00 0.0000e+00 0.0000e+00 0.0000e+00 0.0000e+00 0.0000e+00
0.0000e+00 0.0000e+00 0.0000e+00 0.0000e+00 0.0000e+00 0.0000e+00
0.0000e+00 0.0000e+00 0.0000e+00 0.0000e+00 0.0000e+00 0.0000e+00
0.0000e+00 0.0000e+00 0.0000e+00 0.0000e+00 0.0000e+00 0.0000e+00
0.0000e+00 0.0000e+00 0.0000e+00 0.0000e+00 0.0000e+00 0.0000e+00
0.0000e+00 0.0000e+00 0.0000e+00 0.0000e+00 0.0000e+00 0.0000e+00
0.0000e+00 0.0000e+00 0.0000e+00 0.0000e+00 0.0000e+00 0.0000e+00
0.0000e+00 0.0000e+00 0.0000e+00 0.0000e+00 0.0000e+00 0.0000e+00
0.0000e+00 0.0000e+00 0.0000e+00 0.0000e+00 0.0000e+00 0.0000e+00
0.0000e+00 0.0000e+00 0.0000e+00 0.0000e+00 0.0000e+00 0.0000e+00
0.0000e+00 0.0000e+00 0.0000e+00 0.0000e+00 0.0000e+00 0.0000e+00
0.0000e+00 0.0000e+00 0.0000e+00 0.0000e+00 0.0000e+00 0.0000e+00
0.0000e+00 0.0000e+00 0.0000e+00 0.0000e+00 0.0000e+00 0.0000e+00
0.0000e+00 0.0000e+00 0.0000e+00 0.0000e+00 0.0000e+00 0.0000e+00
0.0000e+00 0.0000e+00 0.0000e+00 0.0000e+00 0.0000e+00 0.0000e+00
0.0000e+00 0.0000e+00 0.0000e+00 0.0000e+00 0.0000e+00 0.0000e+00
0.0000e+00 0.0000e+00 0.0000e+00 0.0000e+00 0.0000e+00 0.0000e+00
0.0000e+00 0.0000e+00 0.0000e+00 0.0000e+00 0.0000e+00 0.0000e+00
0.0000e+00 0.0000e+00 0.0000e+00 0.0000e+00 0.0000e+00 0.0000e+00
0.0000e+00 0.0000e+00 0.0000e+00 0.0000e+00 0.0000e+00 0.0000e+00
0.0000e+00 0.0000e+00 0.0000e+00 0.0000e+00 0.0000e+00 0.0000e+00
0.0000e+00 0.0000e+00 0.0000e+00 0.0000e+00 0.0000e+00 0.0000e+00
0.0000e+00 0.0000e+00 0.0000e+00 0.0000e+00 0.0000e+00 0.0000e+00
0.0000e+00 0.0000e+00 0.0000e+00 0.0000e+00 0.0000e+00 0.0000e+00
0.0000e+00 0.0000e+00 0.0000e+00 0.0000e+00 0.0000e+00 0.0000e+00
0.0000e+00 0.0000e+00 0.0000e+00 0.0000e+00 0.0000e+00 0.0000e+00
0.0000e+00 0.0000e+00 0.0000e+00 0.0000e+00 0.0000e+00 0.0000e+00
0.0000e+00 0.0000e+00 0.0000e+00 0.0000e+00 0.0000e+00 0.0000e+00
0.0000e+00 0.0000e+00 0.0000e+00 0.0000e+00 0.0000e+00 0.0000e+00
0.0000e+00 0.0000e+00 0.0000e+00 0.0000e+00 0.0000e+00 0.0000e+00
0.0000e+00 0.0000e+00 0.0000e+00 0.0000e+00 0.0000e+00 0.0000e+00
0.0000e+00 0.0000e+00 0.0000e+00 0.0000e+00 0.0000e+00 0.0000e+00
0.0000e+00 0.0000e+00 0.0000e+00 0.0000e+00 0.0000e+00 0.0000e+00
0.0000e+00 0.0000e+00 0.0000e+00 0.0000e+00 0.0000e+00 0.0000e+00
0.0000e+00 0.0000e+00 0.0000e+00 0.0000e+00 0.0000e+00 0.0000e+00
0.0000e+00 0.0000e+00 0.0000e+00 0.0000e+00 0.0000e+00 0.0000e+00
0.0000e+00 0.0000e+00 0.0000e+00 0.0000e+00 0.0000e+00 0.0000e+00
0.0000e+00 0.0000e+00 0.0000e+00 0.0000e+00 0.0000e+00 0.0000e+00
0.0000e+00 0.0000e+00 0.0000e+00 0.0000e+00 0.0000e+00 0.0000e+00
0.0000e+00 0.0000e+00 0.0000e+00 0.0000e+00 0.0000e+00 0.0000e+00
0.0000e+00 0.0000e+00 0.0000e+00 0.0000e+00 0.0000e+00 0.0000e+00
0.0000e+00 0.0000e+00 0.0000e+00 0.0000e+00 0.0000e+00 0.0000e+00
0.0000e+00 0.0000e+00 0.0000e+00 0.0000e+00 0.0000e+00 0.0000e+00
0.0000e+00 0.0000e+00 0.0000e+00 0.0000e+00 0.0000e+00 0.0000e+00
0.0000e+00 0.0000e+00 0.0000e+00 0.0000e+00 0.0000e+00 0.0000e+00
0.0000e+00 0.0000e+00 0.0000e+00 0.0000e+00 0.0000e+00 0.0000e+00
0.0000e+00 0.0000e+00 0.0000e+00 0.0000e+00 0.0000e+00 0.0000e+00
0.0000e+00 0.0000e+00 0.0000e+00 0.0000e+00 0.0000e+00 0.0000e+00
0.0000e+00 0.0000e+00 0.0000e+00 0.0000e+00 0.0000e+00 0.0000e+00
0.0000e+00 0.0000e+00 0.0000e+00 0.0000e+00 0.0000e+00 0.0000e+00
0.0000e+00 0.0000e+00 0.0000e+00 0.0000e+00 0.0000e+00 0.0000e+00
0.0000e+00 0.0000e+00 0.0000e+00 0.0000e+00 0.0000e+00 0.0000e+00
0.0000e+00 0.0000e+00 0.0000e+00 0.0000e+00 0.0000e+00 0.0000e+00
0.0000e+00 0.0000e+00 0.0000e+00 0.0000e+00 0.0000e+00 0.0000e+00
0.0000e+00 0.0000e+00 0.0000e+00 0.0000e+00 0.0000e+00 0.0000e+00
0.0000e+00 0.0000e+00 0.0000e+00 0.0000e+00 0.0000e+00 0.0000e+00
0.0000e+00 0.0000e+00 0.0000e+00 0.0000e+00 0.0000e+00 0.0000e+00
0.0000e+00 0.0000e+00 0.0000e+00 0.0000e+00 0.0000e+00 0.0000e+00
0.0000e+00 0.0000e+00 0.0000e+00 0.0000e+00 0.0000e+00 0.0000e+00
0.0000e+00 0.0000e+00 0.0000e+00 0.0000e+00 0.0000e+00 0.0000e+00
0.0000e+00 0.0000e+00 0.0000e+00 0.0000e+00 0.0000e+00 0.0000e+00
0.0000e+00 0.0000e+00 0.0000e+00 0.0000e+00 0.0000e+00 0.0000e+00
0.0000e+00 0.0000e+00 0.0000e+00 0.0000e+00 0.0000e+00 0.0000e+00
0.0000e+00 0.0000e+00 0.0000e+00 0.0000e+00 0.0000e+00 0.0000e+00
0.0000e+00 0.0000e+00 0.0000e+00 0.0000e+00 0.0000e+00 0.0000e+00
0.0000e+00 0.0000e+00 0.0000e+00 0.0000e+00 0.0000e+00 0.0000e+00
0.0000e+00 0.0000e+00 0.0000e+00 0.0000e+00 0.0000e+00 0.0000e+00
0.0000e+00 0.0000e+00 0.0000e+00 0.0000e+00 0.0000e+00 0.0000e+00
0.0000e+00 0.0000e+00 0.0000e+00 0.0000e+00 0.0000e+00 0.0000e+00
0.0000e+00 0.0000e+00 0.0000e+00 0.0000e+00 0.0000e+00 0.0000e+00
0.0000e+00 0.0000e+00 0.0000e+00 0.0000e+00 0.0000e+00 0.0000e+00
0.0000e+00 0.0000e+00 0.0000e+00 0.0000e+00 0.0000e+00 0.0000e+00
0.0000e+00 0.0000e+00 0.0000e+00 0.0000e+00 0.0000e+00 0.0000e+00
0.0000e+00 0.0000e+00 0.0000e+00 0.0000e+00 0.0000e+00 0.0000e+00
0.0000e+00 0.0000e+00 0.0000e+00 0.0000e+00 0.0000e+00 0.0000e+00
0.0000e+00 0.0000e+00 0.0000e+00 0.0000e+00 0.0000e+00 0.0000e+00
0.0000e+00 0.0000e+00 0.0000e+00 0.0000e+00 0.0000e+00 0.0000e+00
0.0000e+00 0.0000e+00 0.0000e+00 0.0000e+00 0.0000e+00 0.0000e+00
0.0000e+00 0.0000e+00 0.0000e+00 0.0000e+00 0.0000e+00 0.0000e+00
0.0000e+00 0.0000e+00 0.0000e+00 0.0000e+00 0.0000e+00 0.0000e+00
0.0000e+00 0.0000e+00 0.0000e+00 0.0000e+00 0.0000e+00 0.0000e+00
0.0000e+00 0.0000e+00 0.0000e+00 0.0000e+00 0.0000e+00 0.0000e+00
0.0000e+00 0.0000e+00 0.0000e+00 0.0000e+00 0.0000e+00 0.0000e+00
0.0000e+00 0.0000e+00 0.0000e+00 0.0000e+00 0.0000e+00 0.0000e+00
0.0000e+00 0.0000e+00 0.0000e+00 0.0000e+00 0.0000e+00 0.0000e+00
0.0000e+00 0.0000e+00 0.0000e+00 0.0000e+00 0.0000e+00 0.0000e+00
0.0000e+00 0.0000e+00 0.0000e+00 0.0000e+00 0.0000e+00 0.0000e+00
0.0000e+00 0.0000e+00 0.0000e+00 0.0000e+00 0.0000e+00 0.0000e+00
0.0000e+00 0.0000e+00 0.0000e+00 0.0000e+00 0.0000e+00 0.0000e+00
0.0000e+00 0.0000e+00 0.0000e+00 0.0000e+00 0.0000e+00 0.0000e+00
0.0000e+00 0.0000e+00 0.0000e+00 0.0000e+00 0.0000e+00 0.0000e+00
0.0000e+00 0.0000e+00 0.0000e+00 0.0000e+00 0.0000e+00 0.0000e+00
0.0000e+00 0.0000e+00 0.0000e+00 0.0000e+00 0.0000e+00 0.0000e+00
0.0000e+00 0.0000e+00 0.0000e+00 0.0000e+00 0.0000e+00 0.0000e+00
0.0000e+00 0.0000e+00 0.0000e+00 0.0000e+00 0.0000e+00 0.0000e+00
0.0000e+00 0.0000e+00 0.0000e+00 0.0000e+00 0.0000e+00 0.0000e+00
0.0000e+00 0.0000e+00 0.0000e+00 0.0000e+00 0.0000e+00 0.0000e+00
0.0000e+00 0.0000e+00 0.0000e+00 0.0000e+00 0.0000e+00 0.0000e+00
0.0000e+00 0.0000e+00 0.0000e+00 0.0000e+00 0.0000e+00 0.0000e+00
0.0000e+00 0.0000e+00 0.0000e+00 0.0000e+00 0.0000e+00 0.0000e+00
0.0000e+00 0.0000e+00 0.0000e+00 0.0000e+00 0.0000e+00 0.0000e+00
0.0000e+00 0.0000e+00 0.0000e+00 0.0000e+00 0.0000e+00 0.0000e+00
0.0000e+00 0.0000e+00 0.0000e+00 0.0000e+00 0.0000e+00 0.0000e+00
0.0000e+00 0.0000e+00 0.0000e+00 0.0000e+00 0.0000e+00 0.0000e+00
0.0000e+00 0.0000e+00 0.0000e+00 0.0000e+00 0.0000e+00 0.0000e+00
0.0000e+00 0.0000e+00 0.0000e+00 0.0000e+00 0.0000e+00 0.0000e+00
0.0000e+00 0.0000e+00 0.0000e+00 0.0000e+00 0.0000e+00 0.0000e+00
0.0000e+00 0.0000e+00 0.0000e+00 0.0000e+00 0.0000e+00 0.0000e+00
0.0000e+00 0.0000e+00 0.0000e+00 0.0000e+00 0.0000e+00 0.0000e+00
0.0000e+00 0.0000e+00 0.0000e+00 0.0000e+00 0.0000e+00 0.0000e+00
0.0000e+00 0.0000e+00 0.0000e+00 0.0000e+00 0.0000e+00 0.0000e+00
0.0000e+00 0.0000e+00 0.0000e+00 0.0000e+00 0.0000e+00 0.0000e+00
0.0000e+00 0.0000e+00 0.0000e+00 0.0000e+00 0.0000e+00 0.0000e+00
0.0000e+00 0.0000e+00 0.0000e+00 0.0000e+00 0.0000e+00 0.0000e+00
0.0000e+00 0.0000e+00 0.0000e+00 0.0000e+00 0.0000e+00 0.0000e+00
0.0000e+00 0.0000e+00 0.0000e+00 0.0000e+00 0.0000e+00 0.0000e+00
0.0000e+00 0.0000e+00 0.0000e+00 0.0000e+00 0.0000e+00 0.0000e+00
0.0000e+00 0.0000e+00 0.0000e+00 0.0000e+00 0.0000e+00 0.0000e+00
0.0000e+00 0.0000e+00 0.0000e+00 0.0000e+00 0.0000e+00 0.0000e+00
0.0000e+00 0.0000e+00 0.0000e+00 0.0000e+00 0.0000e+00 0.0000e+00
0.0000e+00 0.0000e+00 0.0000e+00 0.0000e+00 0.0000e+00 0.0000e+00
0.0000e+00 0.0000e+00 0.0000e+00 0.0000e+00 0.0000e+00 0.0000e+00
0.0000e+00 0.0000e+00 0.0000e+00 0.0000e+00 0.0000e+00 0.0000e+00
0.0000e+00 0.0000e+00 0.0000e+00 0.0000e+00 0.0000e+00 0.0000e+00
0.0000e+00 0.0000e+00 0.0000e+00 0.0000e+00 0.0000e+00 0.0000e+00
0.0000e+00 0.0000e+00 0.0000e+00 0.0000e+00 0.0000e+00 0.0000e+00
0.0000e+00 0.0000e+00 0.0000e+00 0.0000e+00 0.0000e+00 0.0000e+00
0.0000e+00 0.0000e+00 0.0000e+00 0.0000e+00 0.0000e+00 0.0000e+00
0.0000e+00 0.0000e+00 0.0000e+00 0.0000e+00 0.0000e+00 0.0000e+00
0.0000e+00 0.0000e+00 0.0000e+00 0.0000e+00 0.0000e+00 0.0000e+00
0.0000e+00 0.0000e+00 0.0000e+00 0.0000e+00 0.0000e+00 0.0000e+00
0.0000e+00 0.0000e+00 0.0000e+00 0.0000e+00 0.0000e+00 0.0000e+00
0.0000e+00 0.0000e+00 0.0000e+00 0.0000e+00 0.0000e+00 0.0000e+00
0.0000e+00 0.0000e+00 0.0000e+00 0.0000e+00 0.0000e+00 0.0000e+00
0.0000e+00 0.0000e+00 0.0000e+00 0.0000e+00 0.0000e+00 0.0000e+00
0.0000e+00 0.0000e+00 0.0000e+00 0.0000e+00 0.0000e+00 0.0000e+00
0.0000e+00 0.0000e+00 0.0000e+00 0.0000e+00 0.0000e+00 0.0000e+00
0.0000e+00 0.0000e+00 0.0000e+00 0.0000e+00 0.0000e+00 0.0000e+00
0.0000e+00 0.0000e+00 0.0000e+00 0.0000e+00 0.0000e+00 0.0000e+00
0.0000e+00 0.0000e+00 0.0000e+00 0.0000e+00 0.0000e+00 0.0000e+00
0.0000e+00 0.0000e+00 0.0000e+00 0.0000e+00 0.0000e+00 0.0000e+00
0.0000e+00 0.0000e+00 0.0000e+00 0.0000e+00 0.0000e+00 0.0000e+00
0.0000e+00 0.0000e+00 0.0000e+00 0.0000e+00 0.0000e+00 0.0000e+00
0.0000e+00 0.0000e+00 0.0000e+00 0.0000e+00 0.0000e+00 0.0000e+00
0.0000e+00 0.0000e+00 0.0000e+00 0.0000e+00 0.0000e+00 0.0000e+00
0.0000e+00 0.0000e+00 0.0000e+00 0.0000e+00 0.0000e+00 0.0000e+00
0.0000e+00 0.0000e+00 0.0000e+00 0.0000e+00 0.0000e+00 0.0000e+00
0.0000e+00 0.0000e+00 0.0000e+00 0.0000e+00 0.0000e+00 0.0000e+00
0.0000e+00 0.0000e+00 0.0000e+00 0.0000e+00 0.0000e+00 0.0000e+00
0.0000e+00 0.0000e+00 0.0000e+00 0.0000e+00 0.0000e+00 0.0000e+00
0.0000e+00 0.0000e+00 0.0000e+00 0.0000e+00 0.0000e+00 0.0000e+00
0.0000e+00 0.0000e+00 0.0000e+00 0.0000e+00 0.0000e+00 0.0000e+00
0.0000e+00 0.0000e+00 0.0000e+00 0.0000e+00 0.0000e+00 0.0000e+00
0.0000e+00 0.0000e+00 0.0000e+00 0.0000e+00 0.0000e+00 0.0000e+00
0.0000e+00 0.0000e+00 0.0000e+00 0.0000e+00 0.0000e+00 0.0000e+00
0.0000e+00 0.0000e+00 0.0000e+00 0.0000e+00 0.0000e+00 0.0000e+00
0.0000e+00 0.0000e+00 0.0000e+00 0.0000e+00 0.0000e+00 0.0000e+00
0.0000e+00 0.0000e+00 0.0000e+00 0.0000e+00 0.0000e+00 0.0000e+00
0.0000e+00 0.0000e+00 0.0000e+00 0.0000e+00 0.0000e+00 0.0000e+00
0.0000e+00 0.0000e+00 0.0000e+00 0.0000e+00 0.0000e+00 0.0000e+00
0.0000e+00 0.0000e+00 0.0000e+00 0.0000e+00 0.0000e+00 0.0000e+00
0.0000e+00 0.0000e+00 0.0000e+00 0.0000e+00 0.0000e+00 0.0000e+00
0.0000e+00 0.0000e+00 0.0000e+00 0.0000e+00 0.0000e+00 0.0000e+00
0.0000e+00 0.0000e+00 0.0000e+00 0.0000e+00 0.0000e+00 0.0000e+00
0.0000e+00 0.0000e+00 0.0000e+00 0.0000e+00 0.0000e+00 0.0000e+00
0.0000e+00 0.0000e+00 0.0000e+00 0.0000e+00 0.0000e+00 0.0000e+00
0.0000e+00 0.0000e+00 0.0000e+00 0.0000e+00 0.0000e+00 0.0000e+00
0.0000e+00 0.0000e+00 0.0000e+00 0.0000e+00 0.0000e+00 0.0000e+00
0.0000e+00 0.0000e+00 0.0000e+00 0.0000e+00 0.0000e+00 0.0000e+00
0.0000e+00 0.0000e+00 0.0000e+00 0.0000e+00 0.0000e+00 0.0000e+00
0.0000e+00 0.0000e+00 0.0000e+00 0.0000e+00 0.0000e+00 0.0000e+00
0.0000e+00 0.0000e+00 0.0000e+00 0.0000e+00 0.0000e+00 0.0000e+00
0.0000e+00 0.0000e+00 0.0000e+00 0.0000e+00 0.0000e+00 0.0000e+00
0.0000e+00 0.0000e+00 0.0000e+00 0.0000e+00 0.0000e+00 0.0000e+00
0.0000e+00 0.0000e+00 0.0000e+00 0.0000e+00 0.0000e+00 0.0000e+00
0.0000e+00 0.0000e+00 0.0000e+00 0.0000e+00 0.0000e+00 0.0000e+00
0.0000e+00 0.0000e+00 0.0000e+00 0.0000e+00 0.0000e+00 0.0000e+00
0.0000e+00 0.0000e+00 0.0000e+00 0.0000e+00 0.0000e+00 0.0000e+00
0.0000e+00 0.0000e+00 0.0000e+00 0.0000e+00 0.0000e+00 0.0000e+00
0.0000e+00 0.0000e+00 0.0000e+00 0.0000e+00 0.0000e+00 0.0000e+00
0.0000e+00 0.0000e+00 0.0000e+00 0.0000e+00 0.0000e+00 0.0000e+00
0.0000e+00 0.0000e+00 0.0000e+00 0.0000e+00 0.0000e+00 0.0000e+00
0.0000e+00 0.0000e+00 0.0000e+00 0.0000e+00 0.0000e+00 0.0000e+00
0.0000e+00 0.0000e+00 0.0000e+00 0.0000e+00 0.0000e+00 0.0000e+00
0.0000e+00 0.0000e+00 0.0000e+00 0.0000e+00 0.0000e+00 0.0000e+00
0.0000e+00 0.0000e+00 0.0000e+00 0.0000e+00 0.0000e+00 0.0000e+00
0.0000e+00 0.0000e+00 0.0000e+00 0.0000e+00 0.0000e+00 0.0000e+00
0.0000e+00 0.0000e+00 0.0000e+00 0.0000e+00 0.0000e+00 0.0000e+00
0.0000e+00 0.0000e+00 0.0000e+00 0.0000e+00 0.0000e+00 0.0000e+00
0.0000e+00 0.0000e+00 0.0000e+00 0.0000e+00 0.0000e+00 0.0000e+00
0.0000e+00 0.0000e+00 0.0000e+00 0.0000e+00 0.0000e+00 0.0000e+00
0.0000e+00 0.0000e+00 0.0000e+00 0.0000e+00 0.0000e+00 0.0000e+00
0.0000e+00 0.0000e+00 0.0000e+00 0.0000e+00 0.0000e+00 0.0000e+00
0.0000e+00 0.0000e+00 0.0000e+00 0.0000e+00 0.0000e+00 0.0000e+00
0.0000e+00 0.0000e+00 0.0000e+00 0.0000e+00 0.0000e+00 0.0000e+00
0.0000e+00 0.0000e+00 0.0000e+00 0.0000e+00 0.0000e+00 0.0000e+00
0.0000e+00 0.0000e+00 0.0000e+00 0.0000e+00 0.0000e+00 0.0000e+00
0.0000e+00 0.0000e+00 0.0000e+00 0.0000e+00 0.0000e+00 0.0000e+00
0.0000e+00 0.0000e+00 0.0000e+00 0.0000e+00 0.0000e+00 0.0000e+00
0.0000e+00 0.0000e+00 0.0000e+00 0.0000e+00 0.0000e+00 0.0000e+00
0.0000e+00 0.0000e+00 0.0000e+00 0.0000e+00 0.0000e+00 0.0000e+00
0.0000e+00 0.0000e+00 0.0000e+00 0.0000e+00 0.0000e+00 0.0000e+00
0.0000e+00 0.0000e+00 0.0000e+00 0.0000e+00 0.0000e+00 0.0000e+00
0.0000e+00 0.0000e+00 0.0000e+00 0.0000e+00 0.0000e+00 0.0000e+00
0.0000e+00 0.0000e+00 0.0000e+00 0.0000e+00 0.0000e+00 0.0000e+00
0.0000e+00 0.0000e+00 0.0000e+00 0.0000e+00 0.0000e+00 0.0000e+00
0.0000e+00 0.0000e+00 0.0000e+00 0.0000e+00 0.0000e+00 0.0000e+00
0.0000e+00 0.0000e+00 0.0000e+00 0.0000e+00 0.0000e+00 0.0000e+00
0.0000e+00 0.0000e+00 0.0000e+00 0.0000e+00 0.0000e+00 0.0000e+00
0.0000e+00 0.0000e+00 0.0000e+00 0.0000e+00 0.0000e+00 0.0000e+00
0.0000e+00 0.0000e+00 0.0000e+00 0.0000e+00 0.0000e+00 0.0000e+00
0.0000e+00 0.0000e+00 0.0000e+00 0.0000e+00 0.0000e+00 0.0000e+00
0.0000e+00 0.0000e+00 0.0000e+00 0.0000e+00 0.0000e+00 0.0000e+00
0.0000e+00 0.0000e+00 0.0000e+00 0.0000e+00 0.0000e+00 0.0000e+00
0.0000e+00 0.0000e+00 0.0000e+00 0.0000e+00 0.0000e+00 0.0000e+00
0.0000e+00 0.0000e+00 0.0000e+00 0.0000e+00 0.0000e+00 0.0000e+00
0.0000e+00 0.0000e+00 0.0000e+00 0.0000e+00 0.0000e+00 0.0000e+00
0.0000e+00 0.0000e+00 0.0000e+00 0.0000e+00 0.0000e+00 0.0000e+00
0.0000e+00 0.0000e+00 0.0000e+00 0.0000e+00 0.0000e+00 0.0000e+00
0.0000e+00 0.0000e+00 0.0000e+00 0.0000e+00 0.0000e+00 0.0000e+00
0.0000e+00 0.0000e+00 0.0000e+00 0.0000e+00 0.0000e+00 0.0000e+00
0.0000e+00 0.0000e+00 0.0000e+00 0.0000e+00 0.0000e+00 0.0000e+00
0.0000e+00 0.0000e+00 0.0000e+00 0.0000e+00 0.0000e+00 0.0000e+00
0.0000e+00 0.0000e+00 0.0000e+00 0.0000e+00 0.0000e+00 0.0000e+00
0.0000e+00 0.0000e+00 0.0000e+00 0.0000e+00 0.0000e+00 0.0000e+00
0.0000e+00 0.0000e+00 0.0000e+00 0.0000e+00 0.0000e+00 0.0000e+00
0.0000e+00 0.0000e+00 0.0000e+00 0.0000e+00 0.0000e+00 0.0000e+00
0.0000e+00 0.0000e+00 0.0000e+00 0.0000e+00 0.0000e+00 0.0000e+00
0.0000e+00 0.0000e+00 0.0000e+00 0.0000e+00 0.0000e+00 0.0000e+00
0.0000e+00 0.0000e+00 0.0000e+00 0.0000e+00 0.0000e+00 0.0000e+00
0.0000e+00 0.0000e+00 0.0000e+00 0.0000e+00 0.0000e+00 0.0000e+00
0.0000e+00 0.0000e+00 0.0000e+00 0.0000e+00 0.0000e+00 0.0000e+00
0.0000e+00 0.0000e+00 0.0000e+00 0.0000e+00 0.0000e+00 0.0000e+00
0.0000e+00 0.0000e+00 0.0000e+00 0.0000e+00 0.0000e+00 0.0000e+00
0.0000e+00 0.0000e+00 0.0000e+00 0.0000e+00 0.0000e+00 0.0000e+00
0.0000e+00 0.0000e+00 0.0000e+00 0.0000e+00 0.0000e+00 0.0000e+00
0.0000e+00 0.0000e+00 0.0000e+00 0.0000e+00 0.0000e+00 0.0000e+00
0.0000e+00 0.0000e+00 0.0000e+00 0.0000e+00 0.0000e+00 0.0000e+00
0.0000e+00 0.0000e+00 0.0000e+00 0.0000e+00 0.0000e+00 0.0000e+00
0.0000e+00 0.0000e+00 0.0000e+00 0.0000e+00 0.0000e+00 0.0000e+00
0.0000e+00 0.0000e+00 0.0000e+00 0.0000e+00 0.0000e+00 0.0000e+00
0.0000e+00 0.0000e+00 0.0000e+00 0.0000e+00 0.0000e+00 0.0000e+00
0.0000e+00 0.0000e+00 0.0000e+00 0.0000e+00 0.0000e+00 0.0000e+00
0.0000e+00 0.0000e+00 0.0000e+00 0.0000e+00 0.0000e+00 0.0000e+00
0.0000e+00 0.0000e+00 0.0000e+00 0.0000e+00 0.0000e+00 0.0000e+00
0.0000e+00 0.0000e+00 0.0000e+00 0.0000e+00 0.0000e+00 0.0000e+00
0.0000e+00 0.0000e+00 0.0000e+00 0.0000e+00 0.0000e+00 0.0000e+00
0.0000e+00 0.0000e+00 0.0000e+00 0.0000e+00 0.0000e+00 0.0000e+00
0.0000e+00 0.0000e+00 0.0000e+00 0.0000e+00 0.0000e+00 0.0000e+00
0.0000e+00 0.0000e+00 0.0000e+00 0.0000e+00 0.0000e+00 0.0000e+00
0.0000e+00 0.0000e+00 0.0000e+00 0.0000e+00 0.0000e+00 0.0000e+00
0.0000e+00 0.0000e+00 0.0000e+00 0.0000e+00 0.0000e+00 0.0000e+00
0.0000e+00 0.0000e+00 0.0000e+00 0.0000e+00 0.0000e+00 0.0000e+00
0.0000e+00 0.0000e+00 0.0000e+00 0.0000e+00 0.0000e+00 0.0000e+00
0.0000e+00 0.0000e+00 0.0000e+00 0.0000e+00 0.0000e+00 0.0000e+00
0.0000e+00 0.0000e+00 0.0000e+00 0.0000e+00 0.0000e+00 0.0000e+00
0.0000e+00 0.0000e+00 0.0000e+00 0.0000e+00 0.0000e+00 0.0000e+00
0.0000e+00 0.0000e+00 0.0000e+00 0.0000e+00 0.0000e+00 0.0000e+00
0.0000e+00 0.0000e+00 0.0000e+00 0.0000e+00 0.0000e+00 0.0000e+00
0.0000e+00 0.0000e+00 0.0000e+00 0.0000e+00 0.0000e+00 0.0000e+00
0.0000e+00 0.0000e+00 0.0000e+00 0.0000e+00 0.0000e+00 0.0000e+00
0.0000e+00 0.0000e+00 0.0000e+00 0.0000e+00 0.0000e+00 0.0000e+00
0.0000e+00 0.0000e+00 0.0000e+00 0.0000e+00 0.0000e+00 0.0000e+00
0.0000e+00 0.0000e+00 0.0000e+00 0.0000e+00 0.0000e+00 0.0000e+00
0.0000e+00 0.0000e+00 0.0000e+00 0.0000e+00 0.0000e+00 0.0000e+00
0.0000e+00 0.0000e+00 0.0000e+00 0.0000e+00 0.0000e+00 0.0000e+00
0.0000e+00 0.0000e+00 0.0000e+00 0.0000e+00 0.0000e+00 0.0000e+00
0.0000e+00 0.0000e+00 0.0000e+00 0.0000e+00 0.0000e+00 0.0000e+00
0.0000e+00 0.0000e+00 0.0000e+00 0.0000e+00 0.0000e+00 0.0000e+00
0.0000e+00 0.0000e+00 0.0000e+00 0.0000e+00 0.0000e+00 0.0000e+00
0.0000e+00 0.0000e+00 0.0000e+00 0.0000e+00 0.0000e+00 0.0000e+00
0.0000e+00 0.0000e+00 0.0000e+00 0.0000e+00 0.0000e+00 0.0000e+00
0.0000e+00 0.0000e+00 0.0000e+00 0.0000e+00 0.0000e+00 0.0000e+00
0.0000e+00 0.0000e+00 0.0000e+00 0.0000e+00 0.0000e+00 0.0000e+00
0.0000e+00 0.0000e+00 0.0000e+00 0.0000e+00 0.0000e+00 0.0000e+00
0.0000e+00 0.0000e+00 0.0000e+00 0.0000e+00 0.0000e+00 0.0000e+00
0.0000e+00 0.0000e+00 0.0000e+00 0.0000e+00 0.0000e+00 0.0000e+00
0.0000e+00 0.0000e+00 0.0000e+00 0.0000e+00 0.0000e+00 0.0000e+00
0.0000e+00 0.0000e+00 0.0000e+00 0.0000e+00 0.0000e+00 0.0000e+00
