0.0000e+00 0.0000e+00 0.0000e+00 0.0000e+00 0.0000e+00 0.0000e+00
2.9556e+01 3.3851e+01 4.1630e+00 9.1300e+00 -4.9410e+00 2.1740e+00
2.8646e+01 3.3059e+01 3.9960e+00 9.0850e+00 -5.7060e+00 2.2810e+00
2.8099e+01 3.2535e+01 4.0370e+00 9.0460e+00 -5.0880e+00 2.3380e+00
2.7615e+01 3.1987e+01 4.0920e+00 8.9350e+00 -5.6320e+00 2.3650e+00
2.6958e+01 3.1526e+01 4.2570e+00 9.3460e+00 -4.8930e+00 2.3500e+00
2.6536e+01 3.1106e+01 4.3400e+00 9.6730e+00 -5.6500e+00 2.3450e+00
2.6379e+01 3.0591e+01 4.5520e+00 9.3450e+00 -5.6220e+00 2.2710e+00
2.5667e+01 3.0051e+01 4.7590e+00 9.5140e+00 -5.5440e+00 2.3280e+00
2.5647e+01 2.9991e+01 4.9770e+00 9.7370e+00 -4.8880e+00 2.3470e+00
2.5232e+01 2.9444e+01 5.1140e+00 1.0143e+01 -5.5810e+00 2.0460e+00
2.5465e+01 2.9660e+01 5.3310e+00 9.8910e+00 -4.8130e+00 2.3590e+00
2.5340e+01 2.9635e+01 5.6590e+00 1.0490e+01 -4.8390e+00 2.4220e+00
2.4990e+01 2.9492e+01 5.5030e+00 1.0731e+01 -5.3060e+00 2.3980e+00
2.5254e+01 2.9480e+01 5.8740e+00 1.0810e+01 -4.9910e+00 2.3170e+00
2.5034e+01 2.9443e+01 5.7330e+00 1.0568e+01 -5.6340e+00 2.2320e+00
2.2417e+01 2.9325e+01 5.7100e+00 1.2413e+01 -5.7480e+00 2.1570e+00
2.4518e+01 2.9005e+01 5.7620e+00 1.0746e+01 -5.6640e+00 1.9460e+00
2.4364e+01 2.8903e+01 5.7660e+00 1.1014e+01 -5.7780e+00 2.1410e+00
2.4030e+01 2.8573e+01 5.6450e+00 1.0577e+01 -5.5430e+00 2.1190e+00
2.3718e+01 2.8480e+01 5.6210e+00 1.0909e+01 -5.5050e+00 2.2570e+00
2.3385e+01 2.8089e+01 5.3440e+00 1.0549e+01 -5.5440e+00 2.2260e+00
2.2310e+01 2.4871e+01 9.4850e+00 1.2714e+01 -8.7000e-01 2.0430e+00
2.2908e+01 2.7567e+01 4.8900e+00 1.0125e+01 -5.7170e+00 1.9530e+00
2.1542e+01 2.4421e+01 9.1820e+00 1.2263e+01 -6.4200e-01 2.0410e+00
2.1232e+01 2.3229e+01 8.7460e+00 1.1339e+01 -1.8310e+00 1.1240e+00
2.1499e+01 2.3663e+01 9.1480e+00 1.1714e+01 -4.2100e-01 2.2200e+00
3.2081e+01 3.4067e+01 7.7490e+00 1.0948e+01 4.0810e+00 7.8460e+00
2.0631e+01 2.3513e+01 8.5770e+00 1.1937e+01 -5.6900e-01 2.1430e+00
3.2237e+01 3.4166e+01 6.8250e+00 1.1133e+01 3.9510e+00 8.3500e+00
2.0048e+01 2.3516e+01 8.6530e+00 1.1998e+01 -9.8500e-01 2.2830e+00
3.1874e+01 3.4402e+01 7.3510e+00 1.1231e+01 3.6920e+00 7.8240e+00
1.9919e+01 2.5738e+01 4.0510e+00 1.1278e+01 -5.3540e+00 2.0390e+00
3.1834e+01 3.4480e+01 7.1040e+00 1.0543e+01 3.9270e+00 6.7830e+00
2.0306e+01 2.5646e+01 4.1810e+00 1.0213e+01 -5.0690e+00 2.3350e+00
1.9121e+01 2.5507e+01 4.2610e+00 1.1689e+01 -4.8490e+00 2.4930e+00
1.8856e+01 2.5595e+01 4.0840e+00 1.1647e+01 -4.7130e+00 2.6080e+00
2.0056e+01 2.5548e+01 3.8050e+00 1.0571e+01 -4.5820e+00 2.6890e+00
2.0022e+01 2.2706e+01 9.8290e+00 1.1945e+01 8.9400e-01 2.9170e+00
1.7691e+01 2.5141e+01 4.0060e+00 1.1634e+01 -4.4610e+00 2.6240e+00
1.9523e+01 2.5049e+01 3.9970e+00 1.0167e+01 -4.5270e+00 2.5780e+00
1.6842e+01 2.4910e+01 4.1200e+00 1.1625e+01 -4.6360e+00 2.7690e+00
1.8509e+01 2.4363e+01 3.2900e+00 1.1459e+01 -4.4280e+00 2.5620e+00
1.6273e+01 2.4066e+01 3.3900e+00 1.1090e+01 -5.4550e+00 2.5460e+00
1.8089e+01 2.3773e+01 2.7320e+00 1.1306e+01 -4.5050e+00 2.4830e+00
1.5907e+01 2.3344e+01 2.2350e+00 1.0000e+01 -5.0200e+00 2.5070e+00
1.5383e+01 2.3299e+01 2.0130e+00 1.1094e+01 -5.5770e+00 2.5220e+00
1.4888e+01 2.2821e+01 1.6910e+00 1.1430e+01 -4.8630e+00 2.1680e+00
3.1487e+01 3.3837e+01 6.4060e+00 8.9230e+00 5.9630e+00 8.8950e+00
1.4168e+01 2.2215e+01 1.7910e+00 1.1185e+01 -5.8840e+00 1.9680e+00
3.2005e+01 3.4160e+01 6.2390e+00 8.8570e+00 5.0200e+00 8.4440e+00
1.3672e+01 2.1809e+01 1.7790e+00 1.0769e+01 -5.7670e+00 2.0790e+00
1.3675e+01 2.1504e+01 1.0340e+00 9.8620e+00 -5.5780e+00 2.2470e+00
1.3431e+01 2.1661e+01 1.5630e+00 1.0922e+01 -5.3950e+00 2.6320e+00
1.3541e+01 2.1584e+01 1.2370e+00 1.0406e+01 -6.1400e+00 2.7370e+00
1.3263e+01 2.1470e+01 1.4260e+00 1.0952e+01 -5.1700e+00 2.9010e+00
1.3278e+01 2.1440e+01 1.8000e+00 1.1242e+01 -5.7720e+00 2.7080e+00
1.3041e+01 2.1431e+01 1.4580e+00 1.1098e+01 -5.0410e+00 2.8440e+00
1.1932e+01 2.1393e+01 2.0420e+00 1.1378e+01 -5.2280e+00 2.6850e+00
1.2936e+01 2.1386e+01 1.7840e+00 1.1484e+01 -5.1520e+00 2.5520e+00
3.0328e+01 3.2959e+01 4.5540e+00 7.1540e+00 9.7600e-01 3.9800e+00
1.2684e+01 2.1052e+01 1.8650e+00 1.1444e+01 -5.0590e+00 2.3090e+00
1.2557e+01 2.0714e+01 1.5250e+00 1.1216e+01 -5.6000e+00 2.2760e+00
1.2198e+01 2.0509e+01 1.7100e+00 1.0999e+01 -5.5150e+00 2.3900e+00
3.0295e+01 3.2789e+01 4.5410e+00 7.1570e+00 9.7400e-01 4.0570e+00
1.1747e+01 2.0253e+01 2.8200e-01 1.0203e+01 -4.7860e+00 2.4740e+00
1.1685e+01 1.9945e+01 -2.2600e-01 9.7800e+00 -4.8520e+00 2.5470e+00
1.1622e+01 1.9557e+01 -1.1590e+00 9.1850e+00 -5.3440e+00 2.5920e+00
1.0967e+01 1.9489e+01 -7.0100e-01 8.7930e+00 -4.6940e+00 2.5740e+00
1.1161e+01 1.9259e+01 -1.2450e+00 8.4270e+00 -5.5320e+00 2.4540e+00
3.3207e+01 3.5326e+01 7.5620e+00 1.0091e+01 6.4030e+00 8.9020e+00
1.0672e+01 1.8931e+01 -2.1770e+00 7.7470e+00 -5.4330e+00 2.4500e+00
1.0789e+01 1.8874e+01 -2.0630e+00 7.4150e+00 -5.5550e+00 3.1370e+00
1.0535e+01 1.8844e+01 -2.2360e+00 7.0940e+00 -5.2760e+00 2.4780e+00
1.0856e+01 1.8860e+01 -2.7490e+00 7.2030e+00 -5.6180e+00 2.4550e+00
1.0632e+01 1.8935e+01 -2.8780e+00 6.7710e+00 -5.6340e+00 2.4820e+00
1.0620e+01 1.9013e+01 -3.0290e+00 6.7790e+00 -5.6230e+00 2.4800e+00
1.0526e+01 1.8974e+01 -3.0130e+00 6.8420e+00 -5.6045e+00 2.4880e+00
1.0681e+01 1.8992e+01 -3.0190e+00 6.7420e+00 -5.6170e+00 2.4330e+00
1.0759e+01 1.9069e+01 -2.9680e+00 6.7520e+00 -5.6150e+00 2.5280e+00
1.0719e+01 1.9029e+01 -2.8790e+00 6.7630e+00 -5.6520e+00 2.4340e+00
1.0180e+01 1.9078e+01 -3.0910e+00 6.7150e+00 -5.6630e+00 2.3950e+00
1.0701e+01 1.9074e+01 -2.3740e+00 6.7420e+00 -5.6500e+00 2.4500e+00
1.0572e+01 1.8959e+01 -1.9830e+00 6.6310e+00 -5.6140e+00 2.4400e+00
1.0400e+01 1.8796e+01 -2.1935e+00 6.5520e+00 -5.5780e+00 2.4530e+00
2.4242e+01 2.7222e+01 2.4210e+00 5.6760e+00 6.9010e+00 1.1061e+01
1.0012e+01 1.8276e+01 -3.8920e+00 6.3480e+00 -5.3870e+00 3.7040e+00
2.4286e+01 2.6779e+01 2.4620e+00 5.3170e+00 7.0290e+00 1.0815e+01
9.3010e+00 1.7577e+01 -4.3560e+00 5.8400e+00 -4.9930e+00 2.5830e+00
2.4285e+01 2.6773e+01 2.2470e+00 5.1030e+00 6.8490e+00 1.1000e+01
8.6700e+00 1.7170e+01 -3.7140e+00 5.3160e+00 -4.6110e+00 2.5660e+00
8.3510e+00 1.6766e+01 -4.8070e+00 4.7020e+00 -4.5910e+00 2.5710e+00
2.3757e+01 2.6530e+01 6.0700e-01 3.9600e+00 3.0160e+00 6.3560e+00
7.7830e+00 1.6269e+01 -4.9580e+00 4.9060e+00 -4.6580e+00 2.5090e+00
2.3926e+01 2.6387e+01 1.5050e+00 3.7370e+00 3.2140e+00 6.4230e+00
7.5500e+00 1.5862e+01 -5.3230e+00 3.6720e+00 -5.2560e+00 2.5200e+00
7.2480e+00 1.5790e+01 -6.3610e+00 3.6920e+00 -5.1820e+00 4.0970e+00
6.2500e+00 1.5695e+01 -6.4060e+00 4.4915e+00 -4.8540e+00 2.4700e+00
7.2020e+00 1.5677e+01 -6.4040e+00 3.4950e+00 -5.1280e+00 2.4280e+00
7.2120e+00 1.5730e+01 -6.2870e+00 3.4490e+00 -5.1260e+00 2.4350e+00
7.1440e+00 1.5804e+01 -6.0820e+00 3.4180e+00 -5.1270e+00 2.3340e+00
7.2990e+00 1.5885e+01 -6.0140e+00 3.3940e+00 -5.1370e+00 2.3440e+00
6.2005e+00 1.6060e+01 -6.0040e+00 4.4373e+00 -5.3090e+00 2.3090e+00
7.0830e+00 1.6185e+01 -6.1520e+00 3.3260e+00 -5.2760e+00 2.2980e+00
7.6290e+00 1.6203e+01 -5.9370e+00 3.3480e+00 -5.2680e+00 2.2640e+00
6.4630e+00 1.6370e+01 -6.6940e+00 5.4320e+00 -5.2050e+00 2.2500e+00
7.0690e+00 1.6546e+01 -6.1670e+00 3.3350e+00 -5.3040e+00 2.1740e+00
3.2244e+01 3.4613e+01 6.6060e+00 9.3780e+00 1.8710e+00 5.5810e+00
3.2286e+01 3.4505e+01 6.7670e+00 9.3100e+00 2.9740e+00 5.4380e+00
6.8390e+00 1.6952e+01 -6.1540e+00 5.0680e+00 -4.8940e+00 1.9480e+00
8.0430e+00 1.7088e+01 -6.2670e+00 3.2700e+00 -5.3450e+00 1.8680e+00
3.2398e+01 3.6018e+01 6.6340e+00 1.0902e+01 1.3160e+00 7.2550e+00
7.8690e+00 1.7185e+01 -6.0190e+00 3.1240e+00 -5.5790e+00 1.6970e+00
3.2611e+01 3.4832e+01 6.8020e+00 9.4420e+00 1.1960e+00 3.7360e+00
8.1710e+00 1.7713e+01 -6.3600e+00 3.0740e+00 -5.3610e+00 1.8180e+00
3.2332e+01 3.4793e+01 6.7980e+00 9.5000e+00 5.6300e-01 3.3150e+00
0.0000e+00 0.0000e+00 0.0000e+00 0.0000e+00 0.0000e+00 0.0000e+00
0.0000e+00 0.0000e+00 0.0000e+00 0.0000e+00 0.0000e+00 0.0000e+00
0.0000e+00 0.0000e+00 0.0000e+00 0.0000e+00 0.0000e+00 0.0000e+00
0.0000e+00 0.0000e+00 0.0000e+00 0.0000e+00 0.0000e+00 0.0000e+00
0.0000e+00 0.0000e+00 0.0000e+00 0.0000e+00 0.0000e+00 0.0000e+00
0.0000e+00 0.0000e+00 0.0000e+00 0.0000e+00 0.0000e+00 0.0000e+00
0.0000e+00 0.0000e+00 0.0000e+00 0.0000e+00 0.0000e+00 0.0000e+00
0.0000e+00 0.0000e+00 0.0000e+00 0.0000e+00 0.0000e+00 0.0000e+00
0.0000e+00 0.0000e+00 0.0000e+00 0.0000e+00 0.0000e+00 0.0000e+00
0.0000e+00 0.0000e+00 0.0000e+00 0.0000e+00 0.0000e+00 0.0000e+00
0.0000e+00 0.0000e+00 0.0000e+00 0.0000e+00 0.0000e+00 0.0000e+00
0.0000e+00 0.0000e+00 0.0000e+00 0.0000e+00 0.0000e+00 0.0000e+00
0.0000e+00 0.0000e+00 0.0000e+00 0.0000e+00 0.0000e+00 0.0000e+00
0.0000e+00 0.0000e+00 0.0000e+00 0.0000e+00 0.0000e+00 0.0000e+00
0.0000e+00 0.0000e+00 0.0000e+00 0.0000e+00 0.0000e+00 0.0000e+00
0.0000e+00 0.0000e+00 0.0000e+00 0.0000e+00 0.0000e+00 0.0000e+00
0.0000e+00 0.0000e+00 0.0000e+00 0.0000e+00 0.0000e+00 0.0000e+00
0.0000e+00 0.0000e+00 0.0000e+00 0.0000e+00 0.0000e+00 0.0000e+00
0.0000e+00 0.0000e+00 0.0000e+00 0.0000e+00 0.0000e+00 0.0000e+00
0.0000e+00 0.0000e+00 0.0000e+00 0.0000e+00 0.0000e+00 0.0000e+00
0.0000e+00 0.0000e+00 0.0000e+00 0.0000e+00 0.0000e+00 0.0000e+00
0.0000e+00 0.0000e+00 0.0000e+00 0.0000e+00 0.0000e+00 0.0000e+00
0.0000e+00 0.0000e+00 0.0000e+00 0.0000e+00 0.0000e+00 0.0000e+00
0.0000e+00 0.0000e+00 0.0000e+00 0.0000e+00 0.0000e+00 0.0000e+00
0.0000e+00 0.0000e+00 0.0000e+00 0.0000e+00 0.0000e+00 0.0000e+00
0.0000e+00 0.0000e+00 0.0000e+00 0.0000e+00 0.0000e+00 0.0000e+00
0.0000e+00 0.0000e+00 0.0000e+00 0.0000e+00 0.0000e+00 0.0000e+00
0.0000e+00 0.0000e+00 0.0000e+00 0.0000e+00 0.0000e+00 0.0000e+00
0.0000e+00 0.0000e+00 0.0000e+00 0.0000e+00 0.0000e+00 0.0000e+00
0.0000e+00 0.0000e+00 0.0000e+00 0.0000e+00 0.0000e+00 0.0000e+00
0.0000e+00 0.0000e+00 0.0000e+00 0.0000e+00 0.0000e+00 0.0000e+00
0.0000e+00 0.0000e+00 0.0000e+00 0.0000e+00 0.0000e+00 0.0000e+00
0.0000e+00 0.0000e+00 0.0000e+00 0.0000e+00 0.0000e+00 0.0000e+00
0.0000e+00 0.0000e+00 0.0000e+00 0.0000e+00 0.0000e+00 0.0000e+00
0.0000e+00 0.0000e+00 0.0000e+00 0.0000e+00 0.0000e+00 0.0000e+00
0.0000e+00 0.0000e+00 0.0000e+00 0.0000e+00 0.0000e+00 0.0000e+00
0.0000e+00 0.0000e+00 0.0000e+00 0.0000e+00 0.0000e+00 0.0000e+00
0.0000e+00 0.0000e+00 0.0000e+00 0.0000e+00 0.0000e+00 0.0000e+00
0.0000e+00 0.0000e+00 0.0000e+00 0.0000e+00 0.0000e+00 0.0000e+00
0.0000e+00 0.0000e+00 0.0000e+00 0.0000e+00 0.0000e+00 0.0000e+00
0.0000e+00 0.0000e+00 0.0000e+00 0.0000e+00 0.0000e+00 0.0000e+00
0.0000e+00 0.0000e+00 0.0000e+00 0.0000e+00 0.0000e+00 0.0000e+00
0.0000e+00 0.0000e+00 0.0000e+00 0.0000e+00 0.0000e+00 0.0000e+00
0.0000e+00 0.0000e+00 0.0000e+00 0.0000e+00 0.0000e+00 0.0000e+00
0.0000e+00 0.0000e+00 0.0000e+00 0.0000e+00 0.0000e+00 0.0000e+00
0.0000e+00 0.0000e+00 0.0000e+00 0.0000e+00 0.0000e+00 0.0000e+00
0.0000e+00 0.0000e+00 0.0000e+00 0.0000e+00 0.0000e+00 0.0000e+00
0.0000e+00 0.0000e+00 0.0000e+00 0.0000e+00 0.0000e+00 0.0000e+00
0.0000e+00 0.0000e+00 0.0000e+00 0.0000e+00 0.0000e+00 0.0000e+00
0.0000e+00 0.0000e+00 0.0000e+00 0.0000e+00 0.0000e+00 0.0000e+00
0.0000e+00 0.0000e+00 0.0000e+00 0.0000e+00 0.0000e+00 0.0000e+00
0.0000e+00 0.0000e+00 0.0000e+00 0.0000e+00 0.0000e+00 0.0000e+00
0.0000e+00 0.0000e+00 0.0000e+00 0.0000e+00 0.0000e+00 0.0000e+00
0.0000e+00 0.0000e+00 0.0000e+00 0.0000e+00 0.0000e+00 0.0000e+00
0.0000e+00 0.0000e+00 0.0000e+00 0.0000e+00 0.0000e+00 0.0000e+00
0.0000e+00 0.0000e+00 0.0000e+00 0.0000e+00 0.0000e+00 0.0000e+00
0.0000e+00 0.0000e+00 0.0000e+00 0.0000e+00 0.0000e+00 0.0000e+00
0.0000e+00 0.0000e+00 0.0000e+00 0.0000e+00 0.0000e+00 0.0000e+00
0.0000e+00 0.0000e+00 0.0000e+00 0.0000e+00 0.0000e+00 0.0000e+00
0.0000e+00 0.0000e+00 0.0000e+00 0.0000e+00 0.0000e+00 0.0000e+00
0.0000e+00 0.0000e+00 0.0000e+00 0.0000e+00 0.0000e+00 0.0000e+00
0.0000e+00 0.0000e+00 0.0000e+00 0.0000e+00 0.0000e+00 0.0000e+00
0.0000e+00 0.0000e+00 0.0000e+00 0.0000e+00 0.0000e+00 0.0000e+00
0.0000e+00 0.0000e+00 0.0000e+00 0.0000e+00 0.0000e+00 0.0000e+00
0.0000e+00 0.0000e+00 0.0000e+00 0.0000e+00 0.0000e+00 0.0000e+00
0.0000e+00 0.0000e+00 0.0000e+00 0.0000e+00 0.0000e+00 0.0000e+00
0.0000e+00 0.0000e+00 0.0000e+00 0.0000e+00 0.0000e+00 0.0000e+00
0.0000e+00 0.0000e+00 0.0000e+00 0.0000e+00 0.0000e+00 0.0000e+00
0.0000e+00 0.0000e+00 0.0000e+00 0.0000e+00 0.0000e+00 0.0000e+00
0.0000e+00 0.0000e+00 0.0000e+00 0.0000e+00 0.0000e+00 0.0000e+00
0.0000e+00 0.0000e+00 0.0000e+00 0.0000e+00 0.0000e+00 0.0000e+00
0.0000e+00 0.0000e+00 0.0000e+00 0.0000e+00 0.0000e+00 0.0000e+00
0.0000e+00 0.0000e+00 0.0000e+00 0.0000e+00 0.0000e+00 0.0000e+00
0.0000e+00 0.0000e+00 0.0000e+00 0.0000e+00 0.0000e+00 0.0000e+00
0.0000e+00 0.0000e+00 0.0000e+00 0.0000e+00 0.0000e+00 0.0000e+00
0.0000e+00 0.0000e+00 0.0000e+00 0.0000e+00 0.0000e+00 0.0000e+00
0.0000e+00 0.0000e+00 0.0000e+00 0.0000e+00 0.0000e+00 0.0000e+00
0.0000e+00 0.0000e+00 0.0000e+00 0.0000e+00 0.0000e+00 0.0000e+00
0.0000e+00 0.0000e+00 0.0000e+00 0.0000e+00 0.0000e+00 0.0000e+00
0.0000e+00 0.0000e+00 0.0000e+00 0.0000e+00 0.0000e+00 0.0000e+00
0.0000e+00 0.0000e+00 0.0000e+00 0.0000e+00 0.0000e+00 0.0000e+00
0.0000e+00 0.0000e+00 0.0000e+00 0.0000e+00 0.0000e+00 0.0000e+00
0.0000e+00 0.0000e+00 0.0000e+00 0.0000e+00 0.0000e+00 0.0000e+00
0.0000e+00 0.0000e+00 0.0000e+00 0.0000e+00 0.0000e+00 0.0000e+00
0.0000e+00 0.0000e+00 0.0000e+00 0.0000e+00 0.0000e+00 0.0000e+00
0.0000e+00 0.0000e+00 0.0000e+00 0.0000e+00 0.0000e+00 0.0000e+00
