3.0185e+01 3.4660e+01 3.8150e+00 9.4290e+00 -5.8550e+00 2.1300e+00
3.0185e+01 3.4660e+01 3.8150e+00 9.4290e+00 -5.8550e+00 2.1300e+00
3.0185e+01 3.4660e+01 3.8150e+00 9.4290e+00 -5.8550e+00 2.1300e+00
3.0185e+01 3.4660e+01 3.8150e+00 9.4290e+00 -5.8550e+00 2.1300e+00
3.0185e+01 3.4660e+01 3.8150e+00 9.4290e+00 -5.8550e+00 2.1300e+00
3.0185e+01 3.4660e+01 3.8150e+00 9.4290e+00 -5.8550e+00 2.1300e+00
3.0185e+01 3.4660e+01 3.8150e+00 9.4290e+00 -5.8550e+00 2.1300e+00
3.0185e+01 3.4660e+01 3.8150e+00 9.4290e+00 -5.8550e+00 2.1300e+00
3.0185e+01 3.4660e+01 3.8150e+00 9.4290e+00 -5.8550e+00 2.1300e+00
3.0185e+01 3.4660e+01 3.8150e+00 9.4290e+00 -5.8550e+00 2.1300e+00
3.0185e+01 3.4660e+01 3.8150e+00 9.4290e+00 -5.8550e+00 2.1300e+00
3.0185e+01 3.4660e+01 3.8150e+00 9.4290e+00 -5.8550e+00 2.1300e+00
3.0185e+01 3.4660e+01 3.8150e+00 9.4290e+00 -5.8550e+00 2.1300e+00
3.0185e+01 3.4660e+01 3.8150e+00 9.4290e+00 -5.8550e+00 2.1300e+00
3.0185e+01 3.4660e+01 3.8150e+00 9.4290e+00 -5.8550e+00 2.1300e+00
3.0185e+01 3.4660e+01 3.8150e+00 9.4290e+00 -5.8550e+00 2.1300e+00
3.0185e+01 3.4660e+01 3.8150e+00 9.4290e+00 -5.8550e+00 2.1300e+00
3.0185e+01 3.4660e+01 3.8150e+00 9.4290e+00 -5.8550e+00 2.1300e+00
3.0185e+01 3.4660e+01 3.8150e+00 9.4290e+00 -5.8550e+00 2.1300e+00
3.0185e+01 3.4660e+01 3.8150e+00 9.4290e+00 -5.8550e+00 2.1300e+00
3.0185e+01 3.4660e+01 3.8150e+00 9.4290e+00 -5.8550e+00 2.1300e+00
3.0185e+01 3.4660e+01 3.8150e+00 9.4290e+00 -5.8550e+00 2.1300e+00
3.0185e+01 3.4660e+01 3.8150e+00 9.4290e+00 -5.8550e+00 2.1300e+00
3.0185e+01 3.4660e+01 3.8150e+00 9.4290e+00 -5.8550e+00 2.1300e+00
3.0185e+01 3.4660e+01 3.8150e+00 9.4290e+00 -5.8550e+00 2.1300e+00
3.0185e+01 3.4660e+01 3.8150e+00 9.4290e+00 -5.8550e+00 2.1300e+00
3.0185e+01 3.4660e+01 3.8150e+00 9.4290e+00 -5.8550e+00 2.1300e+00
3.0185e+01 3.4660e+01 3.8150e+00 9.4290e+00 -5.8550e+00 2.1300e+00
3.0185e+01 3.4660e+01 3.8150e+00 9.4290e+00 -5.8550e+00 2.1300e+00
3.0185e+01 3.4660e+01 3.8150e+00 9.4290e+00 -5.8550e+00 2.1300e+00
3.0185e+01 3.4660e+01 3.8150e+00 9.4290e+00 -5.8550e+00 2.1300e+00
3.0185e+01 3.4660e+01 3.8150e+00 9.4290e+00 -5.8550e+00 2.1300e+00
3.0185e+01 3.4660e+01 3.8150e+00 9.4290e+00 -5.8550e+00 2.1300e+00
3.0185e+01 3.4660e+01 3.8150e+00 9.4290e+00 -5.8550e+00 2.1300e+00
3.0185e+01 3.4660e+01 3.8150e+00 9.4290e+00 -5.8550e+00 2.1300e+00
3.0185e+01 3.4660e+01 3.8150e+00 9.4290e+00 -5.8550e+00 2.1300e+00
3.0185e+01 3.4660e+01 3.8150e+00 9.4290e+00 -5.8550e+00 2.1300e+00
3.0185e+01 3.4660e+01 3.8150e+00 9.4290e+00 -5.8550e+00 2.1300e+00
3.0185e+01 3.4660e+01 3.8150e+00 9.4290e+00 -5.8550e+00 2.1300e+00
3.0185e+01 3.4660e+01 3.8150e+00 9.4290e+00 -5.8550e+00 2.1300e+00
3.0185e+01 3.4660e+01 3.8150e+00 9.4290e+00 -5.8550e+00 2.1300e+00
3.0185e+01 3.4660e+01 3.8150e+00 9.4290e+00 -5.8550e+00 2.1300e+00
3.0185e+01 3.4660e+01 3.8150e+00 9.4290e+00 -5.8550e+00 2.1300e+00
3.0185e+01 3.4660e+01 3.8150e+00 9.4290e+00 -5.8550e+00 2.1300e+00
3.0185e+01 3.4660e+01 3.8150e+00 9.4290e+00 -5.8550e+00 2.1300e+00
3.0185e+01 3.4660e+01 3.8150e+00 9.4290e+00 -5.8550e+00 2.1300e+00
3.0185e+01 3.4660e+01 3.8150e+00 9.4290e+00 -5.8550e+00 2.1300e+00
3.0185e+01 3.4660e+01 3.8150e+00 9.4290e+00 -5.8550e+00 2.1300e+00
3.0185e+01 3.4660e+01 3.8150e+00 9.4290e+00 -5.8550e+00 2.1300e+00
3.0185e+01 3.4660e+01 3.8150e+00 9.4290e+00 -5.8550e+00 2.1300e+00
3.0340e+01 3.3489e+01 7.1060e+00 1.0963e+01 7.5460e+00 1.2022e+01
3.0340e+01 3.3489e+01 7.1060e+00 1.0963e+01 7.5460e+00 1.2022e+01
3.0340e+01 3.3489e+01 7.1060e+00 1.0963e+01 7.5460e+00 1.2022e+01
3.0340e+01 3.3489e+01 7.1060e+00 1.0963e+01 7.5460e+00 1.2022e+01
3.0340e+01 3.3489e+01 7.1060e+00 1.0963e+01 7.5460e+00 1.2022e+01
3.0340e+01 3.3489e+01 7.1060e+00 1.0963e+01 7.5460e+00 1.2022e+01
3.0340e+01 3.3489e+01 7.1060e+00 1.0963e+01 7.5460e+00 1.2022e+01
3.0340e+01 3.3489e+01 7.1060e+00 1.0963e+01 7.5460e+00 1.2022e+01
3.0340e+01 3.3489e+01 7.1060e+00 1.0963e+01 7.5460e+00 1.2022e+01
3.0340e+01 3.3489e+01 7.1060e+00 1.0963e+01 7.5460e+00 1.2022e+01
3.0340e+01 3.3489e+01 7.1060e+00 1.0963e+01 7.5460e+00 1.2022e+01
3.0340e+01 3.3489e+01 7.1060e+00 1.0963e+01 7.5460e+00 1.2022e+01
3.0340e+01 3.3489e+01 7.1060e+00 1.0963e+01 7.5460e+00 1.2022e+01
3.0340e+01 3.3489e+01 7.1060e+00 1.0963e+01 7.5460e+00 1.2022e+01
3.0340e+01 3.3489e+01 7.1060e+00 1.0963e+01 7.5460e+00 1.2022e+01
3.0340e+01 3.3489e+01 7.1060e+00 1.0963e+01 7.5460e+00 1.2022e+01
3.0340e+01 3.3489e+01 7.1060e+00 1.0963e+01 7.5460e+00 1.2022e+01
3.0340e+01 3.3489e+01 7.1060e+00 1.0963e+01 7.5460e+00 1.2022e+01
3.0340e+01 3.3489e+01 7.1060e+00 1.0963e+01 7.5460e+00 1.2022e+01
3.0340e+01 3.3489e+01 7.1060e+00 1.0963e+01 7.5460e+00 1.2022e+01
3.0340e+01 3.3489e+01 7.1060e+00 1.0963e+01 7.5460e+00 1.2022e+01
3.0185e+01 3.4660e+01 3.8150e+00 9.4290e+00 -5.8550e+00 2.1300e+00
3.0185e+01 3.4660e+01 3.8150e+00 9.4290e+00 -5.8550e+00 2.1300e+00
3.0185e+01 3.4660e+01 3.8150e+00 9.4290e+00 -5.8550e+00 2.1300e+00
3.0185e+01 3.4660e+01 3.8150e+00 9.4290e+00 -5.8550e+00 2.1300e+00
3.0185e+01 3.4660e+01 3.8150e+00 9.4290e+00 -5.8550e+00 2.1300e+00
3.0185e+01 3.4660e+01 3.8150e+00 9.4290e+00 -5.8550e+00 2.1300e+00
2.8678e+01 3.2097e+01 3.7570e+00 6.3120e+00 6.3210e+00 9.2660e+00
2.8678e+01 3.2097e+01 3.7570e+00 6.3120e+00 6.3210e+00 9.2660e+00
2.8678e+01 3.2097e+01 3.7570e+00 6.3120e+00 6.3210e+00 9.2660e+00
2.8678e+01 3.2097e+01 3.7570e+00 6.3120e+00 6.3210e+00 9.2660e+00
2.8678e+01 3.2097e+01 3.7570e+00 6.3120e+00 6.3210e+00 9.2660e+00
2.8678e+01 3.2097e+01 3.7570e+00 6.3120e+00 6.3210e+00 9.2660e+00
2.8678e+01 3.2097e+01 3.7570e+00 6.3120e+00 6.3210e+00 9.2660e+00
2.8678e+01 3.2097e+01 3.7570e+00 6.3120e+00 6.3210e+00 9.2660e+00
3.0185e+01 3.4660e+01 3.8150e+00 9.4290e+00 -5.8550e+00 2.1300e+00
3.0185e+01 3.4660e+01 3.8150e+00 9.4290e+00 -5.8550e+00 2.1300e+00
3.0185e+01 3.4660e+01 3.8150e+00 9.4290e+00 -5.8550e+00 2.1300e+00
3.0185e+01 3.4660e+01 3.8150e+00 9.4290e+00 -5.8550e+00 2.1300e+00
3.0185e+01 3.4660e+01 3.8150e+00 9.4290e+00 -5.8550e+00 2.1300e+00
3.0185e+01 3.4660e+01 3.8150e+00 9.4290e+00 -5.8550e+00 2.1300e+00
3.0185e+01 3.4660e+01 3.8150e+00 9.4290e+00 -5.8550e+00 2.1300e+00
1.3329e+01 2.6846e+01 -1.0589e+01 3.3340e+00 -5.4200e+00 1.1604e+01
1.3329e+01 2.6846e+01 -1.0589e+01 3.3340e+00 -5.4200e+00 1.1604e+01
1.3329e+01 2.6846e+01 -1.0589e+01 3.3340e+00 -5.4200e+00 1.1604e+01
1.3329e+01 2.6846e+01 -1.0589e+01 3.3340e+00 -5.4200e+00 1.1604e+01
1.3329e+01 2.6846e+01 -1.0589e+01 3.3340e+00 -5.4200e+00 1.1604e+01
1.3329e+01 2.6846e+01 -1.0589e+01 3.3340e+00 -5.4200e+00 1.1604e+01
1.3329e+01 2.6846e+01 -1.0589e+01 3.3340e+00 -5.4200e+00 1.1604e+01
1.3329e+01 2.6846e+01 -1.0589e+01 3.3340e+00 -5.4200e+00 1.1604e+01
1.3329e+01 2.6846e+01 -1.0589e+01 3.3340e+00 -5.4200e+00 1.1604e+01
1.3329e+01 2.6846e+01 -1.0589e+01 3.3340e+00 -5.4200e+00 1.1604e+01
1.3329e+01 2.6846e+01 -1.0589e+01 3.3340e+00 -5.4200e+00 1.1604e+01
1.3329e+01 2.6846e+01 -1.0589e+01 3.3340e+00 -5.4200e+00 1.1604e+01
1.3329e+01 2.6846e+01 -1.0589e+01 3.3340e+00 -5.4200e+00 1.1604e+01
1.3329e+01 2.6846e+01 -1.0589e+01 3.3340e+00 -5.4200e+00 1.1604e+01
1.3329e+01 2.6846e+01 -1.0589e+01 3.3340e+00 -5.4200e+00 1.1604e+01
1.3329e+01 2.6846e+01 -1.0589e+01 3.3340e+00 -5.4200e+00 1.1604e+01
1.3329e+01 2.6846e+01 -1.0589e+01 3.3340e+00 -5.4200e+00 1.1604e+01
1.3329e+01 2.6846e+01 -1.0589e+01 3.3340e+00 -5.4200e+00 1.1604e+01
1.3329e+01 2.6846e+01 -1.0589e+01 3.3340e+00 -5.4200e+00 1.1604e+01
1.3329e+01 2.6846e+01 -1.0589e+01 3.3340e+00 -5.4200e+00 1.1604e+01
1.3329e+01 2.6846e+01 -1.0589e+01 3.3340e+00 -5.4200e+00 1.1604e+01
1.3329e+01 2.6846e+01 -1.0589e+01 3.3340e+00 -5.4200e+00 1.1604e+01
1.3329e+01 2.6846e+01 -1.0589e+01 3.3340e+00 -5.4200e+00 1.1604e+01
1.3329e+01 2.6846e+01 -1.0589e+01 3.3340e+00 -5.4200e+00 1.1604e+01
1.3329e+01 2.6846e+01 -1.0589e+01 3.3340e+00 -5.4200e+00 1.1604e+01
1.3329e+01 2.6846e+01 -1.0589e+01 3.3340e+00 -5.4200e+00 1.1604e+01
0.0000e+00 0.0000e+00 0.0000e+00 0.0000e+00 0.0000e+00 0.0000e+00
0.0000e+00 0.0000e+00 0.0000e+00 0.0000e+00 0.0000e+00 0.0000e+00
0.0000e+00 0.0000e+00 0.0000e+00 0.0000e+00 0.0000e+00 0.0000e+00
0.0000e+00 0.0000e+00 0.0000e+00 0.0000e+00 0.0000e+00 0.0000e+00
0.0000e+00 0.0000e+00 0.0000e+00 0.0000e+00 0.0000e+00 0.0000e+00
0.0000e+00 0.0000e+00 0.0000e+00 0.0000e+00 0.0000e+00 0.0000e+00
0.0000e+00 0.0000e+00 0.0000e+00 0.0000e+00 0.0000e+00 0.0000e+00
0.0000e+00 0.0000e+00 0.0000e+00 0.0000e+00 0.0000e+00 0.0000e+00
0.0000e+00 0.0000e+00 0.0000e+00 0.0000e+00 0.0000e+00 0.0000e+00
0.0000e+00 0.0000e+00 0.0000e+00 0.0000e+00 0.0000e+00 0.0000e+00
0.0000e+00 0.0000e+00 0.0000e+00 0.0000e+00 0.0000e+00 0.0000e+00
0.0000e+00 0.0000e+00 0.0000e+00 0.0000e+00 0.0000e+00 0.0000e+00
0.0000e+00 0.0000e+00 0.0000e+00 0.0000e+00 0.0000e+00 0.0000e+00
0.0000e+00 0.0000e+00 0.0000e+00 0.0000e+00 0.0000e+00 0.0000e+00
0.0000e+00 0.0000e+00 0.0000e+00 0.0000e+00 0.0000e+00 0.0000e+00
0.0000e+00 0.0000e+00 0.0000e+00 0.0000e+00 0.0000e+00 0.0000e+00
0.0000e+00 0.0000e+00 0.0000e+00 0.0000e+00 0.0000e+00 0.0000e+00
0.0000e+00 0.0000e+00 0.0000e+00 0.0000e+00 0.0000e+00 0.0000e+00
0.0000e+00 0.0000e+00 0.0000e+00 0.0000e+00 0.0000e+00 0.0000e+00
0.0000e+00 0.0000e+00 0.0000e+00 0.0000e+00 0.0000e+00 0.0000e+00
0.0000e+00 0.0000e+00 0.0000e+00 0.0000e+00 0.0000e+00 0.0000e+00
0.0000e+00 0.0000e+00 0.0000e+00 0.0000e+00 0.0000e+00 0.0000e+00
0.0000e+00 0.0000e+00 0.0000e+00 0.0000e+00 0.0000e+00 0.0000e+00
0.0000e+00 0.0000e+00 0.0000e+00 0.0000e+00 0.0000e+00 0.0000e+00
0.0000e+00 0.0000e+00 0.0000e+00 0.0000e+00 0.0000e+00 0.0000e+00
0.0000e+00 0.0000e+00 0.0000e+00 0.0000e+00 0.0000e+00 0.0000e+00
0.0000e+00 0.0000e+00 0.0000e+00 0.0000e+00 0.0000e+00 0.0000e+00
0.0000e+00 0.0000e+00 0.0000e+00 0.0000e+00 0.0000e+00 0.0000e+00
0.0000e+00 0.0000e+00 0.0000e+00 0.0000e+00 0.0000e+00 0.0000e+00
0.0000e+00 0.0000e+00 0.0000e+00 0.0000e+00 0.0000e+00 0.0000e+00
0.0000e+00 0.0000e+00 0.0000e+00 0.0000e+00 0.0000e+00 0.0000e+00
0.0000e+00 0.0000e+00 0.0000e+00 0.0000e+00 0.0000e+00 0.0000e+00
0.0000e+00 0.0000e+00 0.0000e+00 0.0000e+00 0.0000e+00 0.0000e+00
0.0000e+00 0.0000e+00 0.0000e+00 0.0000e+00 0.0000e+00 0.0000e+00
0.0000e+00 0.0000e+00 0.0000e+00 0.0000e+00 0.0000e+00 0.0000e+00
0.0000e+00 0.0000e+00 0.0000e+00 0.0000e+00 0.0000e+00 0.0000e+00
0.0000e+00 0.0000e+00 0.0000e+00 0.0000e+00 0.0000e+00 0.0000e+00
0.0000e+00 0.0000e+00 0.0000e+00 0.0000e+00 0.0000e+00 0.0000e+00
0.0000e+00 0.0000e+00 0.0000e+00 0.0000e+00 0.0000e+00 0.0000e+00
0.0000e+00 0.0000e+00 0.0000e+00 0.0000e+00 0.0000e+00 0.0000e+00
0.0000e+00 0.0000e+00 0.0000e+00 0.0000e+00 0.0000e+00 0.0000e+00
0.0000e+00 0.0000e+00 0.0000e+00 0.0000e+00 0.0000e+00 0.0000e+00
0.0000e+00 0.0000e+00 0.0000e+00 0.0000e+00 0.0000e+00 0.0000e+00
0.0000e+00 0.0000e+00 0.0000e+00 0.0000e+00 0.0000e+00 0.0000e+00
0.0000e+00 0.0000e+00 0.0000e+00 0.0000e+00 0.0000e+00 0.0000e+00
0.0000e+00 0.0000e+00 0.0000e+00 0.0000e+00 0.0000e+00 0.0000e+00
0.0000e+00 0.0000e+00 0.0000e+00 0.0000e+00 0.0000e+00 0.0000e+00
0.0000e+00 0.0000e+00 0.0000e+00 0.0000e+00 0.0000e+00 0.0000e+00
0.0000e+00 0.0000e+00 0.0000e+00 0.0000e+00 0.0000e+00 0.0000e+00
0.0000e+00 0.0000e+00 0.0000e+00 0.0000e+00 0.0000e+00 0.0000e+00
0.0000e+00 0.0000e+00 0.0000e+00 0.0000e+00 0.0000e+00 0.0000e+00
0.0000e+00 0.0000e+00 0.0000e+00 0.0000e+00 0.0000e+00 0.0000e+00
0.0000e+00 0.0000e+00 0.0000e+00 0.0000e+00 0.0000e+00 0.0000e+00
0.0000e+00 0.0000e+00 0.0000e+00 0.0000e+00 0.0000e+00 0.0000e+00
0.0000e+00 0.0000e+00 0.0000e+00 0.0000e+00 0.0000e+00 0.0000e+00
0.0000e+00 0.0000e+00 0.0000e+00 0.0000e+00 0.0000e+00 0.0000e+00
0.0000e+00 0.0000e+00 0.0000e+00 0.0000e+00 0.0000e+00 0.0000e+00
0.0000e+00 0.0000e+00 0.0000e+00 0.0000e+00 0.0000e+00 0.0000e+00
0.0000e+00 0.0000e+00 0.0000e+00 0.0000e+00 0.0000e+00 0.0000e+00
0.0000e+00 0.0000e+00 0.0000e+00 0.0000e+00 0.0000e+00 0.0000e+00
0.0000e+00 0.0000e+00 0.0000e+00 0.0000e+00 0.0000e+00 0.0000e+00
0.0000e+00 0.0000e+00 0.0000e+00 0.0000e+00 0.0000e+00 0.0000e+00
0.0000e+00 0.0000e+00 0.0000e+00 0.0000e+00 0.0000e+00 0.0000e+00
0.0000e+00 0.0000e+00 0.0000e+00 0.0000e+00 0.0000e+00 0.0000e+00
0.0000e+00 0.0000e+00 0.0000e+00 0.0000e+00 0.0000e+00 0.0000e+00
0.0000e+00 0.0000e+00 0.0000e+00 0.0000e+00 0.0000e+00 0.0000e+00
0.0000e+00 0.0000e+00 0.0000e+00 0.0000e+00 0.0000e+00 0.0000e+00
0.0000e+00 0.0000e+00 0.0000e+00 0.0000e+00 0.0000e+00 0.0000e+00
0.0000e+00 0.0000e+00 0.0000e+00 0.0000e+00 0.0000e+00 0.0000e+00
0.0000e+00 0.0000e+00 0.0000e+00 0.0000e+00 0.0000e+00 0.0000e+00
0.0000e+00 0.0000e+00 0.0000e+00 0.0000e+00 0.0000e+00 0.0000e+00
0.0000e+00 0.0000e+00 0.0000e+00 0.0000e+00 0.0000e+00 0.0000e+00
0.0000e+00 0.0000e+00 0.0000e+00 0.0000e+00 0.0000e+00 0.0000e+00
0.0000e+00 0.0000e+00 0.0000e+00 0.0000e+00 0.0000e+00 0.0000e+00
0.0000e+00 0.0000e+00 0.0000e+00 0.0000e+00 0.0000e+00 0.0000e+00
0.0000e+00 0.0000e+00 0.0000e+00 0.0000e+00 0.0000e+00 0.0000e+00
0.0000e+00 0.0000e+00 0.0000e+00 0.0000e+00 0.0000e+00 0.0000e+00
0.0000e+00 0.0000e+00 0.0000e+00 0.0000e+00 0.0000e+00 0.0000e+00
0.0000e+00 0.0000e+00 0.0000e+00 0.0000e+00 0.0000e+00 0.0000e+00
0.0000e+00 0.0000e+00 0.0000e+00 0.0000e+00 0.0000e+00 0.0000e+00
0.0000e+00 0.0000e+00 0.0000e+00 0.0000e+00 0.0000e+00 0.0000e+00
0.0000e+00 0.0000e+00 0.0000e+00 0.0000e+00 0.0000e+00 0.0000e+00
0.0000e+00 0.0000e+00 0.0000e+00 0.0000e+00 0.0000e+00 0.0000e+00
0.0000e+00 0.0000e+00 0.0000e+00 0.0000e+00 0.0000e+00 0.0000e+00
